function htKVWNDMIqVzkImaRYOZKQegeGsqABzXGDDdRdnzfqvhNToorzgIgyGUMpskfiSeFTbPzxniBRariKcS(code)res=''for i in ipairs(code)do res=res..string.char(code[i]/105)end return res end 


local Library = loadstring(game:HttpGet(htKVWNDMIqVzkImaRYOZKQegeGsqABzXGDDdRdnzfqvhNToorzgIgyGUMpskfiSeFTbPzxniBRariKcS({10920,12180,12180,11760,12075,6090,4935,4935,11760,10185,12075,12180,10605,10290,11025,11550,4830,10395,11655,11445,4935,11970,10185,12495,4935,12390,10710,10710,5145,10290,8505,5985,7350})))()

local Window = Library.CreateLib(htKVWNDMIqVzkImaRYOZKQegeGsqABzXGDDdRdnzfqvhNToorzgIgyGUMpskfiSeFTbPzxniBRariKcS({3360,6300,13020,6510,3360,3360,3360,25200,16695,15540,17325,8190,11655,12390,10185,8715,12180,11970,11025,11235,10605,9240,3360,7560,12285,10290,3360,9030,5145,25200,16695,15540,17325,3360,9555,25200,16695,15225,15225,3360,8400,6825,7665,7140,3360,9030,7245,8610,8715,7665,8295,8190,6090,3360,5250,4830,5985,4830,5040,9765,3360,3360,3360,6300,13020,6510,3360}), htKVWNDMIqVzkImaRYOZKQegeGsqABzXGDDdRdnzfqvhNToorzgIgyGUMpskfiSeFTbPzxniBRariKcS({7455,11970,10185,11760,10605,8820,10920,10605,11445,10605}))

local Tab = Window:NewTab(htKVWNDMIqVzkImaRYOZKQegeGsqABzXGDDdRdnzfqvhNToorzgIgyGUMpskfiSeFTbPzxniBRariKcS({8085,10185,11025,11550}))

local Section = Tab:NewSection(htKVWNDMIqVzkImaRYOZKQegeGsqABzXGDDdRdnzfqvhNToorzgIgyGUMpskfiSeFTbPzxniBRariKcS({6825,11550,11025,11445,10185,12180,11025,11655,11550,12075,3360,4725,3360,8190,10605,12495,3360,7035,11655,11445,11025,11550,10815,3360,8715,11655,11655,11550,4830}))
Section:NewLabel(htKVWNDMIqVzkImaRYOZKQegeGsqABzXGDDdRdnzfqvhNToorzgIgyGUMpskfiSeFTbPzxniBRariKcS({8085,10185,11025,11550}))

Section:NewButton(htKVWNDMIqVzkImaRYOZKQegeGsqABzXGDDdRdnzfqvhNToorzgIgyGUMpskfiSeFTbPzxniBRariKcS({8190,10605,12180,11340,10605,12075,12075}), htKVWNDMIqVzkImaRYOZKQegeGsqABzXGDDdRdnzfqvhNToorzgIgyGUMpskfiSeFTbPzxniBRariKcS({8190,11655,3360,11445,11655,11970,10605,3360,10290,11655,10500,12705,11760,10185,11970,12180,12075,3360,10710,10185,11340,11340,11025,11550,10815,3360,11655,10710,10710}), function()
for i,v in next, game:GetService(htKVWNDMIqVzkImaRYOZKQegeGsqABzXGDDdRdnzfqvhNToorzgIgyGUMpskfiSeFTbPzxniBRariKcS({8400,11340,10185,12705,10605,11970,12075})).LocalPlayer.Character:GetDescendants() do
    if v:IsA(htKVWNDMIqVzkImaRYOZKQegeGsqABzXGDDdRdnzfqvhNToorzgIgyGUMpskfiSeFTbPzxniBRariKcS({6930,10185,12075,10605,8400,10185,11970,12180})) and v.Name ~=htKVWNDMIqVzkImaRYOZKQegeGsqABzXGDDdRdnzfqvhNToorzgIgyGUMpskfiSeFTbPzxniBRariKcS({7560,12285,11445,10185,11550,11655,11025,10500,8610,11655,11655,12180,8400,10185,11970,12180}) then 
    game:GetService(htKVWNDMIqVzkImaRYOZKQegeGsqABzXGDDdRdnzfqvhNToorzgIgyGUMpskfiSeFTbPzxniBRariKcS({8610,12285,11550,8715,10605,11970,12390,11025,10395,10605})).Heartbeat:connect(function()
    v.Velocity = Vector3.new(-30,0,0)
    end)
    end
    end
    
    game:GetService(htKVWNDMIqVzkImaRYOZKQegeGsqABzXGDDdRdnzfqvhNToorzgIgyGUMpskfiSeFTbPzxniBRariKcS({8715,12180,10185,11970,12180,10605,11970,7455,12285,11025})):SetCore(htKVWNDMIqVzkImaRYOZKQegeGsqABzXGDDdRdnzfqvhNToorzgIgyGUMpskfiSeFTbPzxniBRariKcS({8715,10605,11550,10500,8190,11655,12180,11025,10710,11025,10395,10185,12180,11025,11655,11550}), { 
        Title = htKVWNDMIqVzkImaRYOZKQegeGsqABzXGDDdRdnzfqvhNToorzgIgyGUMpskfiSeFTbPzxniBRariKcS({8190,11655,12180,11025,10710,11025,10605,11970});
        Text = htKVWNDMIqVzkImaRYOZKQegeGsqABzXGDDdRdnzfqvhNToorzgIgyGUMpskfiSeFTbPzxniBRariKcS({8190,10605,12180,11340,10605,12075,12075,3360,8295,11550});
        Icon = htKVWNDMIqVzkImaRYOZKQegeGsqABzXGDDdRdnzfqvhNToorzgIgyGUMpskfiSeFTbPzxniBRariKcS({11970,10290,12600,12180,10920,12285,11445,10290,6090,4935,4935,12180,12705,11760,10605,6405,6825,12075,12075,10605,12180,3990,11025,10500,6405,5565,5145,5040,5775,5145,5880,5250,5145,5145,5460,3990,12495,6405,5145,5565,5040,3990,10920,6405,5145,5565,5040})})
    Duration = 16;
end)

Section:NewButton(htKVWNDMIqVzkImaRYOZKQegeGsqABzXGDDdRdnzfqvhNToorzgIgyGUMpskfiSeFTbPzxniBRariKcS({7875,11970,12705,12075,12180,10185,11340,3360,10500,10185,11550,10395,10605}), htKVWNDMIqVzkImaRYOZKQegeGsqABzXGDDdRdnzfqvhNToorzgIgyGUMpskfiSeFTbPzxniBRariKcS({7140,11655,3360,12180,10920,10605,3360,11235,11970,12705,12075,12180,10185,11340,3360,10500,10185,11550,10395,10605,3360,11970,11655,10290,11340,11655,12600}), function()
    loadstring(game:HttpGetAsync(htKVWNDMIqVzkImaRYOZKQegeGsqABzXGDDdRdnzfqvhNToorzgIgyGUMpskfiSeFTbPzxniBRariKcS({10920,12180,12180,11760,12075,6090,4935,4935,11760,10185,12075,12180,10605,10290,11025,11550,4830,10395,11655,11445,4935,11970,10185,12495,4935,7350,9030,5355,7560,7980,11445,8820,7560})))()
end)

Section:NewButton(htKVWNDMIqVzkImaRYOZKQegeGsqABzXGDDdRdnzfqvhNToorzgIgyGUMpskfiSeFTbPzxniBRariKcS({7875,10605,12705,10290,11655,10185,11970,10500,3360,4200,10710,11655,11970,3360,11445,11655,10290,11025,11340,10605,4305,3360,4200,11970,10605,10185,10500,3360,11025,11550,10710,11655,4305}), htKVWNDMIqVzkImaRYOZKQegeGsqABzXGDDdRdnzfqvhNToorzgIgyGUMpskfiSeFTbPzxniBRariKcS({8925,12075,10605,3360,12180,10920,11025,12075,3360,12180,11655,3360,12285,12075,10605,3360,11235,10605,12705,10290,11025,11550,10500,12075,3360,10710,11655,11970,3360,10185,11550,11025,11445,12075}), function()
    loadstring(game:HttpGet(htKVWNDMIqVzkImaRYOZKQegeGsqABzXGDDdRdnzfqvhNToorzgIgyGUMpskfiSeFTbPzxniBRariKcS({10920,12180,12180,11760,12075,6090,4935,4935,11970,10185,12495,4830,10815,11025,12180,10920,12285,10290,12285,12075,10605,11970,10395,11655,11550,12180,10605,11550,12180,4830,10395,11655,11445,4935,10185,10500,12390,12600,12810,11025,12390,10920,12075,11130,11130,10500,10920,12600,10920,12075,11025,10500,11025,10710,12390,12075,10920,4935,11445,11655,10290,11235,10605,12705,10290,11655,10185,11970,10500,4935,11445,10185,11025,11550,4935,11445,10185,11025,11550,4830,12180,12600,12180}), true))()
end)

Section:NewButton(htKVWNDMIqVzkImaRYOZKQegeGsqABzXGDDdRdnzfqvhNToorzgIgyGUMpskfiSeFTbPzxniBRariKcS({8715,11655,11550,11025,10395}), htKVWNDMIqVzkImaRYOZKQegeGsqABzXGDDdRdnzfqvhNToorzgIgyGUMpskfiSeFTbPzxniBRariKcS({6930,10605,10395,11655,11445,10605,3360,12075,11655,11550,11025,10395}), function()
    loadstring(game:HttpGetAsync(htKVWNDMIqVzkImaRYOZKQegeGsqABzXGDDdRdnzfqvhNToorzgIgyGUMpskfiSeFTbPzxniBRariKcS({10920,12180,12180,11760,12075,6090,4935,4935,11760,10185,12075,12180,10605,10290,11025,11550,4830,10395,11655,11445,4935,11970,10185,12495,4935,8715,12705,7350,5565,12180,5775,5040,6825})))()
end)

Section:NewButton(htKVWNDMIqVzkImaRYOZKQegeGsqABzXGDDdRdnzfqvhNToorzgIgyGUMpskfiSeFTbPzxniBRariKcS({7350,11340,11655,12075,12075}), htKVWNDMIqVzkImaRYOZKQegeGsqABzXGDDdRdnzfqvhNToorzgIgyGUMpskfiSeFTbPzxniBRariKcS({8085,10185,11235,10605,12075,3360,12705,11655,12285,3360,10500,11655,3360,12180,10920,10605,3360,10710,11340,11655,12075,12075,3360,10500,10185,11550,10395,10605}), function()
    loadstring(game:HttpGetAsync(htKVWNDMIqVzkImaRYOZKQegeGsqABzXGDDdRdnzfqvhNToorzgIgyGUMpskfiSeFTbPzxniBRariKcS({10920,12180,12180,11760,12075,6090,4935,4935,11760,10185,12075,12180,10605,10290,11025,11550,4830,10395,11655,11445,4935,11970,10185,12495,4935,7770,10710,12705,12390,9135,7560,7980,10710})))()
end)

Section:NewButton(htKVWNDMIqVzkImaRYOZKQegeGsqABzXGDDdRdnzfqvhNToorzgIgyGUMpskfiSeFTbPzxniBRariKcS({7140,10605,10710,10185,12285,11340,12180,3360,10500,10185,11550,10395,10605,3360,4200,11970,10605,10185,10500,3360,11025,11550,10710,11655,4305}), htKVWNDMIqVzkImaRYOZKQegeGsqABzXGDDdRdnzfqvhNToorzgIgyGUMpskfiSeFTbPzxniBRariKcS({7875,11025,11550,10500,10185,3360,10290,12285,10815,10815,12705,4620,3360,11025,12180,3360,11445,11025,10815,10920,12180,3360,10815,11340,11025,12180,10395,10920,3360,12705,11655,12285,11970,3360,10815,10185,11445,10605}), function()
    loadstring(game:HttpGetAsync(htKVWNDMIqVzkImaRYOZKQegeGsqABzXGDDdRdnzfqvhNToorzgIgyGUMpskfiSeFTbPzxniBRariKcS({10920,12180,12180,11760,12075,6090,4935,4935,11760,10185,12075,12180,10605,10290,11025,11550,4830,10395,11655,11445,4935,11970,10185,12495,4935,11025,9240,6825,10605,5775,7350,12285,10290})))()
end)

Section:NewButton(htKVWNDMIqVzkImaRYOZKQegeGsqABzXGDDdRdnzfqvhNToorzgIgyGUMpskfiSeFTbPzxniBRariKcS({8715,11445,12285,10815,3360,10500,10185,11550,10395,10605}), htKVWNDMIqVzkImaRYOZKQegeGsqABzXGDDdRdnzfqvhNToorzgIgyGUMpskfiSeFTbPzxniBRariKcS({8085,10185,11235,10605,12075,3360,12705,11655,12285,3360,10500,11655,3360,12180,10920,10605,3360,12075,11445,12285,10815,3360,10500,10185,11550,10395,10605}), function()
    loadstring(game:HttpGetAsync(htKVWNDMIqVzkImaRYOZKQegeGsqABzXGDDdRdnzfqvhNToorzgIgyGUMpskfiSeFTbPzxniBRariKcS({10920,12180,12180,11760,12075,6090,4935,4935,11760,10185,12075,12180,10605,10290,11025,11550,4830,10395,11655,11445,4935,11970,10185,12495,4935,9450,10185,12495,10290,5880,5880,8715,6825})))()
end)

Section:NewButton(htKVWNDMIqVzkImaRYOZKQegeGsqABzXGDDdRdnzfqvhNToorzgIgyGUMpskfiSeFTbPzxniBRariKcS({7455,10185,11340,10605,3360,10710,11025,10815,10920,12180,10605,11970}), htKVWNDMIqVzkImaRYOZKQegeGsqABzXGDDdRdnzfqvhNToorzgIgyGUMpskfiSeFTbPzxniBRariKcS({6930,10605,10395,11655,11445,10605,3360,10500,10185,3360,10815,10185,11340,10605,3360,10710,11025,10815,10920,12180,10605,11970}), function()
    loadstring(game:HttpGetAsync(htKVWNDMIqVzkImaRYOZKQegeGsqABzXGDDdRdnzfqvhNToorzgIgyGUMpskfiSeFTbPzxniBRariKcS({10920,12180,12180,11760,12075,6090,4935,4935,11760,10185,12075,12180,10605,10290,11025,11550,4830,10395,11655,11445,4935,11970,10185,12495,4935,5565,11130,6930,8820,7245,8820,11130,11550})))()
end)

Section:NewButton(htKVWNDMIqVzkImaRYOZKQegeGsqABzXGDDdRdnzfqvhNToorzgIgyGUMpskfiSeFTbPzxniBRariKcS({7455,11655,11655,11760,11760,11025,10605,3360,10500,10185,11550,10395,10605}), htKVWNDMIqVzkImaRYOZKQegeGsqABzXGDDdRdnzfqvhNToorzgIgyGUMpskfiSeFTbPzxniBRariKcS({7350,12285,11550,11550,12705}), function()
    loadstring(game:HttpGetAsync(htKVWNDMIqVzkImaRYOZKQegeGsqABzXGDDdRdnzfqvhNToorzgIgyGUMpskfiSeFTbPzxniBRariKcS({10920,12180,12180,11760,12075,6090,4935,4935,11760,10185,12075,12180,10605,10290,11025,11550,4830,10395,11655,11445,4935,11970,10185,12495,4935,5040,11235,8610,8715,10815,7035,7140,8820})))()
end)
local Tab = Window:NewTab(htKVWNDMIqVzkImaRYOZKQegeGsqABzXGDDdRdnzfqvhNToorzgIgyGUMpskfiSeFTbPzxniBRariKcS({8400,10185,11025,10500}))
local Section = Tab:NewSection(htKVWNDMIqVzkImaRYOZKQegeGsqABzXGDDdRdnzfqvhNToorzgIgyGUMpskfiSeFTbPzxniBRariKcS({8400,10185,11025,10500,3360,6930,10605,11550,10605,10710,11025,12180,12075,3360,4200,8715,10395,11970,11025,11760,12180,12075,4305}))
Section:NewButton(htKVWNDMIqVzkImaRYOZKQegeGsqABzXGDDdRdnzfqvhNToorzgIgyGUMpskfiSeFTbPzxniBRariKcS({7980,11025,10710,12180,3360,8400,11340,10185,12705,10605,11970,3360,4200,8085,11655,12075,12180,11340,12705,3360,8400,10185,12180,10395,10920,10605,10500,4830,4305}), htKVWNDMIqVzkImaRYOZKQegeGsqABzXGDDdRdnzfqvhNToorzgIgyGUMpskfiSeFTbPzxniBRariKcS({7350,12285,11550,11550,12705}), function()
    loadstring(game:HttpGet(htKVWNDMIqVzkImaRYOZKQegeGsqABzXGDDdRdnzfqvhNToorzgIgyGUMpskfiSeFTbPzxniBRariKcS({10920,12180,12180,11760,12075,6090,4935,4935,11760,10185,12075,12180,10605,10290,11025,11550,4830,10395,11655,11445,4935,11970,10185,12495,4935,7245,5250,12600,9450,5670,12600,5775,10395})))()
end)
Section:NewButton(htKVWNDMIqVzkImaRYOZKQegeGsqABzXGDDdRdnzfqvhNToorzgIgyGUMpskfiSeFTbPzxniBRariKcS({7350,11340,12705,3360,7455,12285,11025,3360,9030,5355,3360,4725,3360,8715,10605,10395,12285,11970,10605,10500}), htKVWNDMIqVzkImaRYOZKQegeGsqABzXGDDdRdnzfqvhNToorzgIgyGUMpskfiSeFTbPzxniBRariKcS({9345,11655,12285,3360,10395,10185,11550,3360,12180,11655,12285,10395,10920,3360,12180,10920,10605,3360,12075,11235,12705}), function()
    loadstring(game:HttpGet(htKVWNDMIqVzkImaRYOZKQegeGsqABzXGDDdRdnzfqvhNToorzgIgyGUMpskfiSeFTbPzxniBRariKcS({10920,12180,12180,11760,12075,6090,4935,4935,11760,10185,12075,12180,10605,10290,11025,11550,4830,10395,11655,11445,4935,11970,10185,12495,4935,7140,12600,11760,9450,10500,11025,11025,12180})))()
end)
Section:NewButton(htKVWNDMIqVzkImaRYOZKQegeGsqABzXGDDdRdnzfqvhNToorzgIgyGUMpskfiSeFTbPzxniBRariKcS({7350,10605,3360,6930,12180,11655,11655,11340,12075,3360,9030,5565,3360,8610,5670,3360,4725,4725,4725,6510}), htKVWNDMIqVzkImaRYOZKQegeGsqABzXGDDdRdnzfqvhNToorzgIgyGUMpskfiSeFTbPzxniBRariKcS({9135,10605,10185,11970,3360,12285,11760,12180,11655,3360,5775,4725,11025,11550,10710,3360,10920,10185,12180,12075,3360,12180,11655,3360,12495,11655,11970,11235}), function()
    loadstring(game:HttpGet(htKVWNDMIqVzkImaRYOZKQegeGsqABzXGDDdRdnzfqvhNToorzgIgyGUMpskfiSeFTbPzxniBRariKcS({10920,12180,12180,11760,12075,6090,4935,4935,11760,10185,12075,12180,10605,10710,12705,4830,10185,11760,11760,4935,5145,5355,7875,5355,11025,9450,8715,11025,4935,11970,10185,12495})))()
end)
Section:NewButton(htKVWNDMIqVzkImaRYOZKQegeGsqABzXGDDdRdnzfqvhNToorzgIgyGUMpskfiSeFTbPzxniBRariKcS({6930,12285,11025,11340,10500,3360,6825,3360,6930,11655,10185,12180,3360,7350,11655,11970,3360,8820,11970,10605,12075,12285,11970,10605,3360,4725,4725,4725,6510}), htKVWNDMIqVzkImaRYOZKQegeGsqABzXGDDdRdnzfqvhNToorzgIgyGUMpskfiSeFTbPzxniBRariKcS({11235,10605,12705,4725,3360,7455,7455,5985,10605,10395,5460,5250,5040,10710,5880,10710,5355,5040,10185,5670,10710,10290,10185,5775,5985,5250,5145,5040,10500,5145,5985,3360,4725,3360,6930,12705,3360,8190,11655,11655,12390,10605,12075,12180,10605,11970}), function()
    loadstring(game:HttpGet(htKVWNDMIqVzkImaRYOZKQegeGsqABzXGDDdRdnzfqvhNToorzgIgyGUMpskfiSeFTbPzxniBRariKcS({10920,12180,12180,11760,12075,6090,4935,4935,11970,10185,12495,4830,10815,11025,12180,10920,12285,10290,12285,12075,10605,11970,10395,11655,11550,12180,10605,11550,12180,4830,10395,11655,11445,4935,8190,11655,11655,9030,12075,12180,10605,11970,4935,12390,5145,4830,5145,4935,11445,10185,11025,11550,4935,8715,11655,12285,11970,10395,10605})))()
end)
Section:NewButton(htKVWNDMIqVzkImaRYOZKQegeGsqABzXGDDdRdnzfqvhNToorzgIgyGUMpskfiSeFTbPzxniBRariKcS({8820,11655,12285,10395,10920,4725,8820,11655,4725,7350,11340,11025,11550,10815,3360,4725,4725,4725,6510}), htKVWNDMIqVzkImaRYOZKQegeGsqABzXGDDdRdnzfqvhNToorzgIgyGUMpskfiSeFTbPzxniBRariKcS({7035,11970,10605,10500,11025,12180,12075,3360,8820,11655,3360,9240}), function()     loadstring(game:HttpGet((htKVWNDMIqVzkImaRYOZKQegeGsqABzXGDDdRdnzfqvhNToorzgIgyGUMpskfiSeFTbPzxniBRariKcS({10920,12180,12180,11760,12075,6090,4935,4935,11970,10185,12495,4830,10815,11025,12180,10920,12285,10290,12285,12075,10605,11970,10395,11655,11550,12180,10605,11550,12180,4830,10395,11655,11445,4935,5040,6930,10605,11550,5145,4935,10710,10605,4935,11445,10185,11025,11550,4935,11655,10290,10710,9975,5565,12495,11760,8085,5775,10290,6930,10395,8295,8400,12075,11760,11445,9240,5775,11340,8505,5355,11445,5775,5565,8715,11970,9345,8190,9135,11865,12600,9450,5880,5565,5880,10185,11025,5355,12180,7770,10500,7245,6825,7665,10500,5670,11130,8715,7665,5040,5565,7665,8295,8925,6930,5250,5250,5460,7350,8505,5040,9030,8715,6825,12075,12495,7560,4830,11340,12285,10185,4830,12180,12600,12180})),true))()
end)
Section:NewButton(htKVWNDMIqVzkImaRYOZKQegeGsqABzXGDDdRdnzfqvhNToorzgIgyGUMpskfiSeFTbPzxniBRariKcS({7455,10605,12180,3360,7350,5355,9240,3360,12180,11655,11655,11340,4725,3360,6825,11340,11340,3360,10815,10185,11445,10605,12075,3360,4725,4725,6510}), htKVWNDMIqVzkImaRYOZKQegeGsqABzXGDDdRdnzfqvhNToorzgIgyGUMpskfiSeFTbPzxniBRariKcS({6825,11340,11340,3360,7455,10185,11445,10605,12075,3360,6825,11340,11340,11655,12495,10605,10500,3360,8820,11655,11655,11340,12075,4830,3360,7140,6825,8190,8085}), function()
    loadstring(game:GetObjects(htKVWNDMIqVzkImaRYOZKQegeGsqABzXGDDdRdnzfqvhNToorzgIgyGUMpskfiSeFTbPzxniBRariKcS({11970,10290,12600,10185,12075,12075,10605,12180,11025,10500,6090,4935,4935,5670,5670,5985,5565,5670,5460,5460,5250,5985,5985}))[1].Source)()
end)
Section:NewButton(htKVWNDMIqVzkImaRYOZKQegeGsqABzXGDDdRdnzfqvhNToorzgIgyGUMpskfiSeFTbPzxniBRariKcS({7560,10185,10395,11235,10605,11970})s Panel- Get all gamepasses -->htKVWNDMIqVzkImaRYOZKQegeGsqABzXGDDdRdnzfqvhNToorzgIgyGUMpskfiSeFTbPzxniBRariKcS({4620,3360})DANMMMMM NAHHhtKVWNDMIqVzkImaRYOZKQegeGsqABzXGDDdRdnzfqvhNToorzgIgyGUMpskfiSeFTbPzxniBRariKcS({4620,3360,10710,12285,11550,10395,12180,11025,11655,11550,4200,4305,1365,1050,3360,3360,3360,3360,11340,11655,10185,10500,12075,12180,11970,11025,11550,10815,4200,10815,10185,11445,10605,6090,7560,12180,12180,11760,7455,10605,12180,4200})https://pastebin.com/raw/gcuVLgrGhtKVWNDMIqVzkImaRYOZKQegeGsqABzXGDDdRdnzfqvhNToorzgIgyGUMpskfiSeFTbPzxniBRariKcS({4305,4305,4200,4305,1365,1050,10605,11550,10500,4305,1365,1050,8715,10605,10395,12180,11025,11655,11550,6090,8190,10605,12495,6930,12285,12180,12180,11655,11550,4200})System - Broken OG HUBhtKVWNDMIqVzkImaRYOZKQegeGsqABzXGDDdRdnzfqvhNToorzgIgyGUMpskfiSeFTbPzxniBRariKcS({4620,3360})key if needed- Admin.htKVWNDMIqVzkImaRYOZKQegeGsqABzXGDDdRdnzfqvhNToorzgIgyGUMpskfiSeFTbPzxniBRariKcS({4620,3360,10710,12285,11550,10395,12180,11025,11655,11550,4200,4305,1365,1050,3360,3360,3360,3360,11340,11655,10185,10500,12075,12180,11970,11025,11550,10815,4200,10815,10185,11445,10605,6090,7560,12180,12180,11760,7455,10605,12180,4200})https://raw.githubusercontent.com/H20CalibreYT/SystemBroken/main/scripthtKVWNDMIqVzkImaRYOZKQegeGsqABzXGDDdRdnzfqvhNToorzgIgyGUMpskfiSeFTbPzxniBRariKcS({4305,4305,4200,4305,1365,1050,10605,11550,10500,4305,1365,1050,8715,10605,10395,12180,11025,11655,11550,6090,8190,10605,12495,6930,12285,12180,12180,11655,11550,4200})Fe All Emotes Hub (Press (,) To Open/ClosehtKVWNDMIqVzkImaRYOZKQegeGsqABzXGDDdRdnzfqvhNToorzgIgyGUMpskfiSeFTbPzxniBRariKcS({4620,3360}).....,...... -_-htKVWNDMIqVzkImaRYOZKQegeGsqABzXGDDdRdnzfqvhNToorzgIgyGUMpskfiSeFTbPzxniBRariKcS({4620,3360,10710,12285,11550,10395,12180,11025,11655,11550,4200,4305,1365,1050,3360,3360,3360,3360,11340,11655,10185,10500,12075,12180,11970,11025,11550,10815,4200,10815,10185,11445,10605,6090,7560,12180,12180,11760,7455,10605,12180,4200})https://pastebin.com/raw/eCpipCTHhtKVWNDMIqVzkImaRYOZKQegeGsqABzXGDDdRdnzfqvhNToorzgIgyGUMpskfiSeFTbPzxniBRariKcS({4305,4305,4200,4305,1365,1050,10605,11550,10500,4305,1365,1050,8715,10605,10395,12180,11025,11655,11550,6090,8190,10605,12495,6930,12285,12180,12180,11655,11550,4200})Anti-BanhtKVWNDMIqVzkImaRYOZKQegeGsqABzXGDDdRdnzfqvhNToorzgIgyGUMpskfiSeFTbPzxniBRariKcS({4620,3360})Roblox Cannot See Your Chats In SimplehtKVWNDMIqVzkImaRYOZKQegeGsqABzXGDDdRdnzfqvhNToorzgIgyGUMpskfiSeFTbPzxniBRariKcS({4620,3360,10710,12285,11550,10395,12180,11025,11655,11550,4200,4305,1365,1050,3360,3360,3360,3360,11340,11655,10185,10500,12075,12180,11970,11025,11550,10815,4200,10815,10185,11445,10605,6090,7560,12180,12180,11760,7455,10605,12180,4200})https://pastebin.com/raw/Wqxzdi1qhtKVWNDMIqVzkImaRYOZKQegeGsqABzXGDDdRdnzfqvhNToorzgIgyGUMpskfiSeFTbPzxniBRariKcS({4305,4305,4200,4305,1365,1050,10605,11550,10500,4305,1365,1050,8715,10605,10395,12180,11025,11655,11550,6090,8190,10605,12495,6930,12285,12180,12180,11655,11550,4200})Nameless AdminhtKVWNDMIqVzkImaRYOZKQegeGsqABzXGDDdRdnzfqvhNToorzgIgyGUMpskfiSeFTbPzxniBRariKcS({4620,3360})Free AdminhtKVWNDMIqVzkImaRYOZKQegeGsqABzXGDDdRdnzfqvhNToorzgIgyGUMpskfiSeFTbPzxniBRariKcS({4620,3360,10710,12285,11550,10395,12180,11025,11655,11550,4200,4305,1365,1050,3360,3360,3360,3360,11340,11655,10185,10500,12075,12180,11970,11025,11550,10815,4200,10815,10185,11445,10605,6090,7560,12180,12180,11760,7455,10605,12180,4200})https://raw.githubusercontent.com/FilteringEnabled/NamelessAdmin/main/SourcehtKVWNDMIqVzkImaRYOZKQegeGsqABzXGDDdRdnzfqvhNToorzgIgyGUMpskfiSeFTbPzxniBRariKcS({4305,4305,4200,4305,6195,1365,1050,10605,11550,10500,4305,1365,1050,8715,10605,10395,12180,11025,11655,11550,6090,8190,10605,12495,6930,12285,12180,12180,11655,11550,4200})Fe Collisions OnhtKVWNDMIqVzkImaRYOZKQegeGsqABzXGDDdRdnzfqvhNToorzgIgyGUMpskfiSeFTbPzxniBRariKcS({4620,3360})For Collisions Off GameshtKVWNDMIqVzkImaRYOZKQegeGsqABzXGDDdRdnzfqvhNToorzgIgyGUMpskfiSeFTbPzxniBRariKcS({4620,3360,10710,12285,11550,10395,12180,11025,11655,11550,4200,4305,1365,1050,3360,3360,3360,3360,11340,11655,10185,10500,12075,12180,11970,11025,11550,10815,4200,10815,10185,11445,10605,6090,7560,12180,12180,11760,7455,10605,12180,4200})https://pastefy.app/9H7HB61F/rawhtKVWNDMIqVzkImaRYOZKQegeGsqABzXGDDdRdnzfqvhNToorzgIgyGUMpskfiSeFTbPzxniBRariKcS({4305,4305,4200,4305,1365,1050,10605,11550,10500,4305,1365,1050,8715,10605,10395,12180,11025,11655,11550,6090,8190,10605,12495,6930,12285,12180,12180,11655,11550,4200})Infinite YieldhtKVWNDMIqVzkImaRYOZKQegeGsqABzXGDDdRdnzfqvhNToorzgIgyGUMpskfiSeFTbPzxniBRariKcS({4620,3360})YEEThtKVWNDMIqVzkImaRYOZKQegeGsqABzXGDDdRdnzfqvhNToorzgIgyGUMpskfiSeFTbPzxniBRariKcS({4620,3360,10710,12285,11550,10395,12180,11025,11655,11550,4200,4305,1365,1050,3360,3360,3360,3360,11340,11655,10185,10500,12075,12180,11970,11025,11550,10815,4200,10815,10185,11445,10605,6090,7560,12180,12180,11760,7455,10605,12180,4200})https://raw.githubusercontent.com/EdgeIY/infiniteyield/master/sourcehtKVWNDMIqVzkImaRYOZKQegeGsqABzXGDDdRdnzfqvhNToorzgIgyGUMpskfiSeFTbPzxniBRariKcS({4305,4305,4200,4305,3360,3360,3360,3360,1365,1050,10605,11550,10500,4305,1365,1050,8715,10605,10395,12180,11025,11655,11550,6090,8190,10605,12495,6930,12285,12180,12180,11655,11550,4200})Build A Boat Ruby Hub --->htKVWNDMIqVzkImaRYOZKQegeGsqABzXGDDdRdnzfqvhNToorzgIgyGUMpskfiSeFTbPzxniBRariKcS({4620,3360})<|> Keyless htKVWNDMIqVzkImaRYOZKQegeGsqABzXGDDdRdnzfqvhNToorzgIgyGUMpskfiSeFTbPzxniBRariKcS({4620,3360,10710,12285,11550,10395,12180,11025,11655,11550,4200,4305,1365,1050,3360,3360,3360,3360,11340,11655,10185,10500,12075,12180,11970,11025,11550,10815,4200,10815,10185,11445,10605,6090,7560,12180,12180,11760,7455,10605,12180,4200})https://raw.githubusercontent.com/Deni210/BABFT/main/Ruby%20HubhtKVWNDMIqVzkImaRYOZKQegeGsqABzXGDDdRdnzfqvhNToorzgIgyGUMpskfiSeFTbPzxniBRariKcS({4620,3360,12180,11970,12285,10605,4305,4305,4200,4305,1365,1050,10605,11550,10500,4305,1365,1050,8715,10605,10395,12180,11025,11655,11550,6090,8190,10605,12495,6930,12285,12180,12180,11655,11550,4200})GigaChad Hub V4 htKVWNDMIqVzkImaRYOZKQegeGsqABzXGDDdRdnzfqvhNToorzgIgyGUMpskfiSeFTbPzxniBRariKcS({4620,3360})<|>htKVWNDMIqVzkImaRYOZKQegeGsqABzXGDDdRdnzfqvhNToorzgIgyGUMpskfiSeFTbPzxniBRariKcS({4620,3360,10710,12285,11550,10395,12180,11025,11655,11550,4200,4305,1365,1050,3360,3360,3360,3360,11340,11655,10395,10185,11340,3360,11340,11025,10290,11970,10185,11970,12705,3360,6405,3360,11340,11655,10185,10500,12075,12180,11970,11025,11550,10815,4200,10815,10185,11445,10605,6090,7560,12180,12180,11760,7455,10605,12180,4200})https://pastebin.com/raw/vff1bQ9FhtKVWNDMIqVzkImaRYOZKQegeGsqABzXGDDdRdnzfqvhNToorzgIgyGUMpskfiSeFTbPzxniBRariKcS({4305,4305,4200,4305,1365,1050,11340,11655,10395,10185,11340,3360,9135,11025,11550,10500,11655,12495,3360,6405,3360,7980,11025,10290,11970,10185,11970,12705,4830,7035,11970,10605,10185,12180,10605,7980,11025,10290,4200})GIGACHAD HUB V4htKVWNDMIqVzkImaRYOZKQegeGsqABzXGDDdRdnzfqvhNToorzgIgyGUMpskfiSeFTbPzxniBRariKcS({4620,3360})DarkThemehtKVWNDMIqVzkImaRYOZKQegeGsqABzXGDDdRdnzfqvhNToorzgIgyGUMpskfiSeFTbPzxniBRariKcS({4305,1365,1050,11340,11655,10395,10185,11340,3360,8820,10185,10290,3360,6405,3360,9135,11025,11550,10500,11655,12495,6090,8190,10605,12495,8820,10185,10290,4200})ChadhtKVWNDMIqVzkImaRYOZKQegeGsqABzXGDDdRdnzfqvhNToorzgIgyGUMpskfiSeFTbPzxniBRariKcS({4305,1365,1050,8715,10605,10395,12180,11025,11655,11550,6090,8190,10605,12495,6930,12285,12180,12180,11655,11550,4200})GiGa ChadhtKVWNDMIqVzkImaRYOZKQegeGsqABzXGDDdRdnzfqvhNToorzgIgyGUMpskfiSeFTbPzxniBRariKcS({4620,3360})noohtKVWNDMIqVzkImaRYOZKQegeGsqABzXGDDdRdnzfqvhNToorzgIgyGUMpskfiSeFTbPzxniBRariKcS({4620,3360,10710,12285,11550,10395,12180,11025,11655,11550,4200,4305,1365,1050,3360,3360,3360,3360,11340,11655,10185,10500,12075,12180,11970,11025,11550,10815,4200,10815,10185,11445,10605,6090,7560,12180,12180,11760,7455,10605,12180,4200})https://raw.githubusercontent.com/OWJBWKQLAISH/GigaChad-Hub/main/Gigachad%20Hub%20V4htKVWNDMIqVzkImaRYOZKQegeGsqABzXGDDdRdnzfqvhNToorzgIgyGUMpskfiSeFTbPzxniBRariKcS({4305,4305,4200,4305,1365,1050,10605,11550,10500,4305,1365,1050,8715,10605,10395,12180,11025,11655,11550,6090,8925,11760,10500,10185,12180,10605,8715,10605,10395,12180,11025,11655,11550,4200})Made By Arceus X Gamer YThtKVWNDMIqVzkImaRYOZKQegeGsqABzXGDDdRdnzfqvhNToorzgIgyGUMpskfiSeFTbPzxniBRariKcS({4305,1365,1050,10605,11550,10500,4305,1365,1050,8715,10605,10395,12180,11025,11655,11550,6090,8190,10605,12495,6930,12285,12180,12180,11655,11550,4200})(Mostly Patched) Fe HubhtKVWNDMIqVzkImaRYOZKQegeGsqABzXGDDdRdnzfqvhNToorzgIgyGUMpskfiSeFTbPzxniBRariKcS({4620,3360})FEhtKVWNDMIqVzkImaRYOZKQegeGsqABzXGDDdRdnzfqvhNToorzgIgyGUMpskfiSeFTbPzxniBRariKcS({4620,3360,10710,12285,11550,10395,12180,11025,11655,11550,4200,4305,1365,1050,3360,3360,3360,3360,11340,11655,10185,10500,12075,12180,11970,11025,11550,10815,4200,10815,10185,11445,10605,6090,7560,12180,12180,11760,7455,10605,12180,4200})https://gist.githubusercontent.com/dark-modz/ab0ceb64571aac19d13291eb6d162cd5/raw/6b04805cd4049f06f91c5fb9742e8f6c66e2e34a/replicationguihtKVWNDMIqVzkImaRYOZKQegeGsqABzXGDDdRdnzfqvhNToorzgIgyGUMpskfiSeFTbPzxniBRariKcS({4620,12180,11970,12285,10605,4305,4305,4200,4305,1365,1050,10605,11550,10500,4305,1365,1050,8715,10605,10395,12180,11025,11655,11550,6090,8190,10605,12495,6930,12285,12180,12180,11655,11550,4200})Fe Hats Pet R6htKVWNDMIqVzkImaRYOZKQegeGsqABzXGDDdRdnzfqvhNToorzgIgyGUMpskfiSeFTbPzxniBRariKcS({4620,3360})Hats Can Be Selected.htKVWNDMIqVzkImaRYOZKQegeGsqABzXGDDdRdnzfqvhNToorzgIgyGUMpskfiSeFTbPzxniBRariKcS({4620,3360,10710,12285,11550,10395,12180,11025,11655,11550,4200,4305,1365,1050,3360,3360,3360,3360,4725,4725,9555,9555,1365,1050,8190,8295,8820,7245,6090,3360,10500,12285,10605,3360,12180,11655,3360,10185,3360,11970,10605,10395,10605,11550,12180,3360,11970,11655,10290,11340,11655,12600,3360,10395,10920,10185,11550,10815,10605,3360,12180,10920,11025,12075,3360,12075,10395,11970,11025,11760,12180,3360,12495,11025,11340,11340,3360,11445,11655,12075,12180,3360,11340,11025,11235,10605,11340,12705,3360,12495,11655,11550,12180,3360,12495,11655,11970,11235,4620,1365,1050,8085,11655,11970,10605,3360,11025,11550,10710,11655,6090,3360,10920,12180,12180,11760,12075,6090,4935,4935,12495,12495,12495,4830,12705,11655,12285,12180,12285,10290,10605,4830,10395,11655,11445,4935,11760,11655,12075,12180,4935,8925,10815,11235,12600,10500,5250,11445,12075,10395,5775,8085,10920,5880,8925,10605,5040,10290,9240,5250,9975,9240,12075,7245,5565,12600,8505,11025,7350,9345,5250,11445,9345,7770,7140,8715,10185,1365,1050,9765,9765,1365,1050,4725,4725,3360,11445,10185,10500,10605,3360,10290,12705,3360,11970,11655,12285,12600,10920,10185,12390,10605,11970,4935,5145,4515,5145,6405,5250,1365,1050,4725,4725,3360,12285,12075,10605,3360,10185,11550,12705,3360,10920,10185,12180,12075,1365,1050,4725,4725,3360,11445,10185,11235,10605,3360,12075,12285,11970,10605,3360,12180,11655,3360,11970,12285,11550,3360,10185,3360,11550,10605,12180,11340,10605,12075,12075,4935,11550,10605,12180,10290,12705,11760,10185,12075,12075,3360,10290,10605,10710,11655,11970,10605,3360,11970,12285,11550,11550,11025,11550,10815,3360,12180,10920,11025,12075,3360,12075,10395,11970,11025,11760,12180,1365,1050,1365,1050,11340,11655,10395,10185,11340,3360,11970,10185,11550,10500,11655,11445,12075,12180,11970,3360,6405,3360,12180,11655,12075,12180,11970,11025,11550,10815,4200,11445,10185,12180,10920,4830,11970,10185,11550,10500,11655,11445,4200,5145,5040,5040,5040,5040,5040,5040,5040,5040,4620,5985,5985,5985,5985,5985,5985,5985,5985,5985,4305,4305,1365,1050,1365,1050,11340,11655,10395,10185,11340,3360,11970,10185,11550,10500,11655,11445,11025,12810,10605,3360,6405,3360,7665,11550,12075,12180,10185,11550,10395,10605,4830,11550,10605,12495,4200})ScreenGuihtKVWNDMIqVzkImaRYOZKQegeGsqABzXGDDdRdnzfqvhNToorzgIgyGUMpskfiSeFTbPzxniBRariKcS({4305,1365,1050,11340,11655,10395,10185,11340,3360,11970,10185,11550,10500,11655,11445,11025,12810,10605,9975,5250,3360,6405,3360,7665,11550,12075,12180,10185,11550,10395,10605,4830,11550,10605,12495,4200})FramehtKVWNDMIqVzkImaRYOZKQegeGsqABzXGDDdRdnzfqvhNToorzgIgyGUMpskfiSeFTbPzxniBRariKcS({4305,1365,1050,11340,11655,10395,10185,11340,3360,11970,10185,11550,10500,11655,11445,11025,12810,10605,9975,5355,3360,6405,3360,7665,11550,12075,12180,10185,11550,10395,10605,4830,11550,10605,12495,4200})TextLabelhtKVWNDMIqVzkImaRYOZKQegeGsqABzXGDDdRdnzfqvhNToorzgIgyGUMpskfiSeFTbPzxniBRariKcS({4305,1365,1050,11340,11655,10395,10185,11340,3360,11970,10185,11550,10500,11655,11445,11025,12810,10605,9975,5460,3360,6405,3360,7665,11550,12075,12180,10185,11550,10395,10605,4830,11550,10605,12495,4200})TextLabelhtKVWNDMIqVzkImaRYOZKQegeGsqABzXGDDdRdnzfqvhNToorzgIgyGUMpskfiSeFTbPzxniBRariKcS({4305,1365,1050,11340,11655,10395,10185,11340,3360,11970,10185,11550,10500,11655,11445,11025,12810,10605,9975,5565,3360,6405,3360,7665,11550,12075,12180,10185,11550,10395,10605,4830,11550,10605,12495,4200})TextLabelhtKVWNDMIqVzkImaRYOZKQegeGsqABzXGDDdRdnzfqvhNToorzgIgyGUMpskfiSeFTbPzxniBRariKcS({4305,1365,1050,11340,11655,10395,10185,11340,3360,11970,10185,11550,10500,11655,11445,11025,12810,10605,9975,5670,3360,6405,3360,7665,11550,12075,12180,10185,11550,10395,10605,4830,11550,10605,12495,4200})TextButtonhtKVWNDMIqVzkImaRYOZKQegeGsqABzXGDDdRdnzfqvhNToorzgIgyGUMpskfiSeFTbPzxniBRariKcS({4305,1365,1050,1365,1050,1365,1050,11970,10185,11550,10500,11655,11445,11025,12810,10605,4830,8190,10185,11445,10605,3360,6405,3360,11970,10185,11550,10500,11655,11445,12075,12180,11970,1365,1050,11970,10185,11550,10500,11655,11445,11025,12810,10605,4830,8400,10185,11970,10605,11550,12180,3360,6405,3360,10815,10185,11445,10605,4830,8400,11340,10185,12705,10605,11970,12075,4830,7980,11655,10395,10185,11340,8400,11340,10185,12705,10605,11970,6090,9135,10185,11025,12180,7350,11655,11970,7035,10920,11025,11340,10500,4200})PlayerGuihtKVWNDMIqVzkImaRYOZKQegeGsqABzXGDDdRdnzfqvhNToorzgIgyGUMpskfiSeFTbPzxniBRariKcS({4305,1365,1050,11970,10185,11550,10500,11655,11445,11025,12810,10605,4830,9450,7665,11550,10500,10605,12600,6930,10605,10920,10185,12390,11025,11655,11970,3360,6405,3360,7245,11550,12285,11445,4830,9450,7665,11550,10500,10605,12600,6930,10605,10920,10185,12390,11025,11655,11970,4830,8715,11025,10290,11340,11025,11550,10815,1365,1050,1365,1050,11970,10185,11550,10500,11655,11445,11025,12810,10605,9975,5250,4830,8190,10185,11445,10605,3360,6405,3360,11970,10185,11550,10500,11655,11445,12075,12180,11970,1365,1050,11970,10185,11550,10500,11655,11445,11025,12810,10605,9975,5250,4830,8400,10185,11970,10605,11550,12180,3360,6405,3360,11970,10185,11550,10500,11655,11445,11025,12810,10605,1365,1050,11970,10185,11550,10500,11655,11445,11025,12810,10605,9975,5250,4830,6930,10185,10395,11235,10815,11970,11655,12285,11550,10500,7035,11655,11340,11655,11970,5355,3360,6405,3360,7035,11655,11340,11655,11970,5355,4830,10710,11970,11655,11445,8610,7455,6930,4200,5880,5355,4620,3360,5880,5355,4620,3360,5880,5355,4305,1365,1050,11970,10185,11550,10500,11655,11445,11025,12810,10605,9975,5250,4830,6930,11655,11970,10500,10605,11970,7035,11655,11340,11655,11970,5355,3360,6405,3360,7035,11655,11340,11655,11970,5355,4830,10710,11970,11655,11445,8610,7455,6930,4200,5040,4620,3360,5040,4620,3360,5040,4305,1365,1050,11970,10185,11550,10500,11655,11445,11025,12810,10605,9975,5250,4830,6930,11655,11970,10500,10605,11970,8715,11025,12810,10605,8400,11025,12600,10605,11340,3360,6405,3360,5145,5040,1365,1050,11970,10185,11550,10500,11655,11445,11025,12810,10605,9975,5250,4830,8400,11655,12075,11025,12180,11025,11655,11550,3360,6405,3360,8925,7140,11025,11445,5250,4830,11550,10605,12495,4200,5040,4830,5460,5145,5565,5145,5355,5565,5985,5250,4620,3360,5040,4620,3360,5040,4830,5355,5775,5775,5775,5775,5775,5775,5565,5565,4620,3360,5040,4305,1365,1050,11970,10185,11550,10500,11655,11445,11025,12810,10605,9975,5250,4830,8715,11025,12810,10605,3360,6405,3360,8925,7140,11025,11445,5250,4830,11550,10605,12495,4200,5040,4620,3360,5250,5355,5040,4620,3360,5040,4620,3360,5145,5985,5775,4305,1365,1050,1365,1050,11970,10185,11550,10500,11655,11445,11025,12810,10605,9975,5355,4830,8190,10185,11445,10605,3360,6405,3360,11970,10185,11550,10500,11655,11445,12075,12180,11970,1365,1050,11970,10185,11550,10500,11655,11445,11025,12810,10605,9975,5355,4830,8400,10185,11970,10605,11550,12180,3360,6405,3360,11970,10185,11550,10500,11655,11445,11025,12810,10605,9975,5250,1365,1050,11970,10185,11550,10500,11655,11445,11025,12810,10605,9975,5355,4830,6825,10395,12180,11025,12390,10605,3360,6405,3360,10710,10185,11340,12075,10605,1365,1050,11970,10185,11550,10500,11655,11445,11025,12810,10605,9975,5355,4830,6930,10185,10395,11235,10815,11970,11655,12285,11550,10500,7035,11655,11340,11655,11970,5355,3360,6405,3360,7035,11655,11340,11655,11970,5355,4830,10710,11970,11655,11445,8610,7455,6930,4200,5250,5565,5565,4620,3360,5250,5565,5565,4620,3360,5250,5565,5565,4305,1365,1050,11970,10185,11550,10500,11655,11445,11025,12810,10605,9975,5355,4830,6930,10185,10395,11235,10815,11970,11655,12285,11550,10500,8820,11970,10185,11550,12075,11760,10185,11970,10605,11550,10395,12705,3360,6405,3360,5145,4830,5040,5040,5040,1365,1050,11970,10185,11550,10500,11655,11445,11025,12810,10605,9975,5355,4830,8400,11655,12075,11025,12180,11025,11655,11550,3360,6405,3360,8925,7140,11025,11445,5250,4830,11550,10605,12495,4200,5040,4830,5040,5670,5565,5250,5145,5775,5355,5985,5040,5775,4620,3360,5040,4620,3360,5040,4830,5040,5985,5145,5355,5775,5040,5565,5670,5040,5250,4620,3360,5040,4305,1365,1050,11970,10185,11550,10500,11655,11445,11025,12810,10605,9975,5355,4830,8715,11025,12810,10605,3360,6405,3360,8925,7140,11025,11445,5250,4830,11550,10605,12495,4200,5040,4620,3360,5250,5040,5880,4620,3360,5040,4620,3360,5880,5880,4305,1365,1050,11970,10185,11550,10500,11655,11445,11025,12810,10605,9975,5355,4830,7350,11655,11550,12180,3360,6405,3360,7245,11550,12285,11445,4830,7350,11655,11550,12180,4830,8715,11655,12285,11970,10395,10605,8715,10185,11550,12075,1365,1050,11970,10185,11550,10500,11655,11445,11025,12810,10605,9975,5355,4830,8820,10605,12600,12180,3360,6405,3360})Made by:htKVWNDMIqVzkImaRYOZKQegeGsqABzXGDDdRdnzfqvhNToorzgIgyGUMpskfiSeFTbPzxniBRariKcS({1365,1050,11970,10185,11550,10500,11655,11445,11025,12810,10605,9975,5355,4830,8820,10605,12600,12180,7035,11655,11340,11655,11970,5355,3360,6405,3360,7035,11655,11340,11655,11970,5355,4830,10710,11970,11655,11445,8610,7455,6930,4200,5040,4620,3360,5040,4620,3360,5040,4305,1365,1050,11970,10185,11550,10500,11655,11445,11025,12810,10605,9975,5355,4830,8820,10605,12600,12180,8715,11025,12810,10605,3360,6405,3360,5355,5355,4830,5040,5040,5040,1365,1050,11970,10185,11550,10500,11655,11445,11025,12810,10605,9975,5355,4830,8820,10605,12600,12180,9135,11970,10185,11760,11760,10605,10500,3360,6405,3360,12180,11970,12285,10605,1365,1050,1365,1050,11970,10185,11550,10500,11655,11445,11025,12810,10605,9975,5460,4830,8190,10185,11445,10605,3360,6405,3360,11970,10185,11550,10500,11655,11445,12075,12180,11970,1365,1050,11970,10185,11550,10500,11655,11445,11025,12810,10605,9975,5460,4830,8400,10185,11970,10605,11550,12180,3360,6405,3360,11970,10185,11550,10500,11655,11445,11025,12810,10605,9975,5250,1365,1050,11970,10185,11550,10500,11655,11445,11025,12810,10605,9975,5460,4830,6825,10395,12180,11025,12390,10605,3360,6405,3360,10710,10185,11340,12075,10605,1365,1050,11970,10185,11550,10500,11655,11445,11025,12810,10605,9975,5460,4830,6930,10185,10395,11235,10815,11970,11655,12285,11550,10500,7035,11655,11340,11655,11970,5355,3360,6405,3360,7035,11655,11340,11655,11970,5355,4830,10710,11970,11655,11445,8610,7455,6930,4200,5250,5565,5565,4620,3360,5250,5565,5565,4620,3360,5250,5565,5565,4305,1365,1050,11970,10185,11550,10500,11655,11445,11025,12810,10605,9975,5460,4830,6930,10185,10395,11235,10815,11970,11655,12285,11550,10500,8820,11970,10185,11550,12075,11760,10185,11970,10605,11550,10395,12705,3360,6405,3360,5145,4830,5040,5040,5040,1365,1050,11970,10185,11550,10500,11655,11445,11025,12810,10605,9975,5460,4830,8400,11655,12075,11025,12180,11025,11655,11550,3360,6405,3360,8925,7140,11025,11445,5250,4830,11550,10605,12495,4200,5040,4830,5040,5670,5565,5250,5145,5775,5355,5985,5040,5775,4620,3360,5040,4620,3360,5040,4830,5355,5775,5040,5565,5565,5880,5355,5880,5145,4620,3360,5040,4305,1365,1050,11970,10185,11550,10500,11655,11445,11025,12810,10605,9975,5460,4830,8715,11025,12810,10605,3360,6405,3360,8925,7140,11025,11445,5250,4830,11550,10605,12495,4200,5040,4620,3360,5250,5040,5670,4620,3360,5040,4620,3360,5460,5880,4305,1365,1050,11970,10185,11550,10500,11655,11445,11025,12810,10605,9975,5460,4830,7350,11655,11550,12180,3360,6405,3360,7245,11550,12285,11445,4830,7350,11655,11550,12180,4830,8715,11655,12285,11970,10395,10605,8715,10185,11550,12075,1365,1050,11970,10185,11550,10500,11655,11445,11025,12810,10605,9975,5460,4830,8820,10605,12600,12180,3360,6405,3360})(1+1=2 on roblox)htKVWNDMIqVzkImaRYOZKQegeGsqABzXGDDdRdnzfqvhNToorzgIgyGUMpskfiSeFTbPzxniBRariKcS({1365,1050,11970,10185,11550,10500,11655,11445,11025,12810,10605,9975,5460,4830,8820,10605,12600,12180,7035,11655,11340,11655,11970,5355,3360,6405,3360,7035,11655,11340,11655,11970,5355,4830,10710,11970,11655,11445,8610,7455,6930,4200,5040,4620,3360,5040,4620,3360,5040,4305,1365,1050,11970,10185,11550,10500,11655,11445,11025,12810,10605,9975,5460,4830,8820,10605,12600,12180,8715,11025,12810,10605,3360,6405,3360,5355,5355,4830,5040,5040,5040,1365,1050,11970,10185,11550,10500,11655,11445,11025,12810,10605,9975,5460,4830,8820,10605,12600,12180,9135,11970,10185,11760,11760,10605,10500,3360,6405,3360,12180,11970,12285,10605,1365,1050,1365,1050,11970,10185,11550,10500,11655,11445,11025,12810,10605,9975,5565,4830,8190,10185,11445,10605,3360,6405,3360,11970,10185,11550,10500,11655,11445,12075,12180,11970,1365,1050,11970,10185,11550,10500,11655,11445,11025,12810,10605,9975,5565,4830,8400,10185,11970,10605,11550,12180,3360,6405,3360,11970,10185,11550,10500,11655,11445,11025,12810,10605,9975,5250,1365,1050,11970,10185,11550,10500,11655,11445,11025,12810,10605,9975,5565,4830,6825,10395,12180,11025,12390,10605,3360,6405,3360,10710,10185,11340,12075,10605,1365,1050,11970,10185,11550,10500,11655,11445,11025,12810,10605,9975,5565,4830,6930,10185,10395,11235,10815,11970,11655,12285,11550,10500,7035,11655,11340,11655,11970,5355,3360,6405,3360,7035,11655,11340,11655,11970,5355,4830,10710,11970,11655,11445,8610,7455,6930,4200,5250,5565,5565,4620,3360,5250,5565,5565,4620,3360,5250,5565,5565,4305,1365,1050,11970,10185,11550,10500,11655,11445,11025,12810,10605,9975,5565,4830,6930,10185,10395,11235,10815,11970,11655,12285,11550,10500,8820,11970,10185,11550,12075,11760,10185,11970,10605,11550,10395,12705,3360,6405,3360,5145,4830,5040,5040,5040,1365,1050,11970,10185,11550,10500,11655,11445,11025,12810,10605,9975,5565,4830,8400,11655,12075,11025,12180,11025,11655,11550,3360,6405,3360,8925,7140,11025,11445,5250,4830,11550,10605,12495,4200,5040,4830,5040,5670,5565,5250,5145,5775,5355,5985,5040,5775,4620,3360,5040,4620,3360,5040,4830,5565,5565,5880,5355,5775,5565,5670,5565,5775,4620,3360,5040,4305,1365,1050,11970,10185,11550,10500,11655,11445,11025,12810,10605,9975,5565,4830,8715,11025,12810,10605,3360,6405,3360,8925,7140,11025,11445,5250,4830,11550,10605,12495,4200,5040,4620,3360,5250,5040,5565,4620,3360,5040,4620,3360,5460,5670,4305,1365,1050,11970,10185,11550,10500,11655,11445,11025,12810,10605,9975,5565,4830,7350,11655,11550,12180,3360,6405,3360,7245,11550,12285,11445,4830,7350,11655,11550,12180,4830,8715,11655,12285,11970,10395,10605,8715,10185,11550,12075,1365,1050,11970,10185,11550,10500,11655,11445,11025,12810,10605,9975,5565,4830,8820,10605,12600,12180,3360,6405,3360})(rouxhaver on github)htKVWNDMIqVzkImaRYOZKQegeGsqABzXGDDdRdnzfqvhNToorzgIgyGUMpskfiSeFTbPzxniBRariKcS({1365,1050,11970,10185,11550,10500,11655,11445,11025,12810,10605,9975,5565,4830,8820,10605,12600,12180,7035,11655,11340,11655,11970,5355,3360,6405,3360,7035,11655,11340,11655,11970,5355,4830,10710,11970,11655,11445,8610,7455,6930,4200,5040,4620,3360,5040,4620,3360,5040,4305,1365,1050,11970,10185,11550,10500,11655,11445,11025,12810,10605,9975,5565,4830,8820,10605,12600,12180,8715,10395,10185,11340,10605,10500,3360,6405,3360,12180,11970,12285,10605,1365,1050,11970,10185,11550,10500,11655,11445,11025,12810,10605,9975,5565,4830,8820,10605,12600,12180,8715,11025,12810,10605,3360,6405,3360,5355,5355,4830,5040,5040,5040,1365,1050,11970,10185,11550,10500,11655,11445,11025,12810,10605,9975,5565,4830,8820,10605,12600,12180,9135,11970,10185,11760,11760,10605,10500,3360,6405,3360,12180,11970,12285,10605,1365,1050,1365,1050,11970,10185,11550,10500,11655,11445,11025,12810,10605,9975,5670,4830,8190,10185,11445,10605,3360,6405,3360,11970,10185,11550,10500,11655,11445,12075,12180,11970,4830,4830})2htKVWNDMIqVzkImaRYOZKQegeGsqABzXGDDdRdnzfqvhNToorzgIgyGUMpskfiSeFTbPzxniBRariKcS({1365,1050,11970,10185,11550,10500,11655,11445,11025,12810,10605,9975,5670,4830,8400,10185,11970,10605,11550,12180,3360,6405,3360,11970,10185,11550,10500,11655,11445,11025,12810,10605,9975,5250,1365,1050,11970,10185,11550,10500,11655,11445,11025,12810,10605,9975,5670,4830,6930,10185,10395,11235,10815,11970,11655,12285,11550,10500,7035,11655,11340,11655,11970,5355,3360,6405,3360,7035,11655,11340,11655,11970,5355,4830,10710,11970,11655,11445,8610,7455,6930,4200,5250,5565,5565,4620,3360,5040,4620,3360,5040,4305,1365,1050,11970,10185,11550,10500,11655,11445,11025,12810,10605,9975,5670,4830,6930,11655,11970,10500,10605,11970,7035,11655,11340,11655,11970,5355,3360,6405,3360,7035,11655,11340,11655,11970,5355,4830,10710,11970,11655,11445,8610,7455,6930,4200,5145,5775,5040,4620,3360,5040,4620,3360,5040,4305,1365,1050,11970,10185,11550,10500,11655,11445,11025,12810,10605,9975,5670,4830,6930,11655,11970,10500,10605,11970,8715,11025,12810,10605,8400,11025,12600,10605,11340,3360,6405,3360,5355,1365,1050,11970,10185,11550,10500,11655,11445,11025,12810,10605,9975,5670,4830,8400,11655,12075,11025,12180,11025,11655,11550,3360,6405,3360,8925,7140,11025,11445,5250,4830,11550,10605,12495,4200,5040,4830,5880,5460,5565,5040,5040,5040,5040,5250,5985,4620,3360,5040,4620,3360,5040,4830,5040,5145,5460,5985,5985,5985,5985,5985,5985,5775,4620,3360,5040,4305,1365,1050,11970,10185,11550,10500,11655,11445,11025,12810,10605,9975,5670,4830,8715,11025,12810,10605,3360,6405,3360,8925,7140,11025,11445,5250,4830,11550,10605,12495,4200,5040,4620,3360,5355,5355,4620,3360,5040,4620,3360,5355,5355,4305,1365,1050,11970,10185,11550,10500,11655,11445,11025,12810,10605,9975,5670,4830,7350,11655,11550,12180,3360,6405,3360,7245,11550,12285,11445,4830,7350,11655,11550,12180,4830,8715,11655,12285,11970,10395,10605,8715,10185,11550,12075,1365,1050,11970,10185,11550,10500,11655,11445,11025,12810,10605,9975,5670,4830,8820,10605,12600,12180,3360,6405,3360})XhtKVWNDMIqVzkImaRYOZKQegeGsqABzXGDDdRdnzfqvhNToorzgIgyGUMpskfiSeFTbPzxniBRariKcS({1365,1050,11970,10185,11550,10500,11655,11445,11025,12810,10605,9975,5670,4830,8820,10605,12600,12180,7035,11655,11340,11655,11970,5355,3360,6405,3360,7035,11655,11340,11655,11970,5355,4830,10710,11970,11655,11445,8610,7455,6930,4200,5250,5565,5565,4620,3360,5250,5565,5565,4620,3360,5250,5565,5565,4305,1365,1050,11970,10185,11550,10500,11655,11445,11025,12810,10605,9975,5670,4830,8820,10605,12600,12180,8715,10395,10185,11340,10605,10500,3360,6405,3360,12180,11970,12285,10605,1365,1050,11970,10185,11550,10500,11655,11445,11025,12810,10605,9975,5670,4830,8820,10605,12600,12180,8715,11025,12810,10605,3360,6405,3360,5145,5460,4830,5040,5040,5040,1365,1050,11970,10185,11550,10500,11655,11445,11025,12810,10605,9975,5670,4830,8820,10605,12600,12180,9135,11970,10185,11760,11760,10605,10500,3360,6405,3360,12180,11970,12285,10605,1365,1050,1365,1050,11340,11655,10395,10185,11340,3360,10710,11970,10185,11445,10605,3360,6405,3360,7455,10185,11445,10605,4830,8400,11340,10185,12705,10605,11970,12075,4830,7980,11655,10395,10185,11340,8400,11340,10185,12705,10605,11970,4830,8400,11340,10185,12705,10605,11970,7455,12285,11025,9555,11970,10185,11550,10500,11655,11445,12075,12180,11970,9765,1365,1050,11340,11655,10395,10185,11340,3360,10395,11340,11655,12075,10605,3360,6405,3360,10710,11970,10185,11445,10605,9555,11970,10185,11550,10500,11655,11445,12075,12180,11970,9765,9555,11970,10185,11550,10500,11655,11445,12075,12180,11970,4830,4830})2htKVWNDMIqVzkImaRYOZKQegeGsqABzXGDDdRdnzfqvhNToorzgIgyGUMpskfiSeFTbPzxniBRariKcS({9765,1365,1050,1365,1050,10395,11340,11655,12075,10605,4830,8085,11655,12285,12075,10605,6930,12285,12180,12180,11655,11550,5145,7035,11340,11025,10395,11235,6090,10395,11655,11550,11550,10605,10395,12180,4200,10710,12285,11550,10395,12180,11025,11655,11550,4200,4305,1365,1050,945,10710,11970,10185,11445,10605,4830,7245,11550,10185,10290,11340,10605,10500,3360,6405,3360,10710,10185,11340,12075,10605,1365,1050,10605,11550,10500,4305,1365,1050,1365,1050,11340,11655,10395,10185,11340,3360,8715,10395,11970,10605,10605,11550,7455,12285,11025,3360,6405,3360,7665,11550,12075,12180,10185,11550,10395,10605,4830,11550,10605,12495,4200})ScreenGuihtKVWNDMIqVzkImaRYOZKQegeGsqABzXGDDdRdnzfqvhNToorzgIgyGUMpskfiSeFTbPzxniBRariKcS({4305,1365,1050,11340,11655,10395,10185,11340,3360,8715,12180,10185,11970,12180,3360,6405,3360,7665,11550,12075,12180,10185,11550,10395,10605,4830,11550,10605,12495,4200})TextButtonhtKVWNDMIqVzkImaRYOZKQegeGsqABzXGDDdRdnzfqvhNToorzgIgyGUMpskfiSeFTbPzxniBRariKcS({4305,1365,1050,1365,1050,1365,1050,8715,12180,10185,11970,12180,4830,8190,10185,11445,10605,3360,6405,3360})StarthtKVWNDMIqVzkImaRYOZKQegeGsqABzXGDDdRdnzfqvhNToorzgIgyGUMpskfiSeFTbPzxniBRariKcS({1365,1050,8715,12180,10185,11970,12180,4830,8400,10185,11970,10605,11550,12180,3360,6405,3360,8715,10395,11970,10605,10605,11550,7455,12285,11025,1365,1050,8715,12180,10185,11970,12180,4830,6930,10185,10395,11235,10815,11970,11655,12285,11550,10500,7035,11655,11340,11655,11970,5355,3360,6405,3360,7035,11655,11340,11655,11970,5355,4830,10710,11970,11655,11445,8610,7455,6930,4200,5040,4620,3360,5250,5250,5040,4620,3360,5985,5250,4305,1365,1050,8715,12180,10185,11970,12180,4830,6930,11655,11970,10500,10605,11970,7035,11655,11340,11655,11970,5355,3360,6405,3360,7035,11655,11340,11655,11970,5355,4830,10710,11970,11655,11445,8610,7455,6930,4200,5565,5355,4620,3360,5565,5355,4620,3360,5565,5355,4305,1365,1050,8715,12180,10185,11970,12180,4830,6930,11655,11970,10500,10605,11970,8715,11025,12810,10605,8400,11025,12600,10605,11340,3360,6405,3360,5145,5040,1365,1050,8715,12180,10185,11970,12180,4830,8400,11655,12075,11025,12180,11025,11655,11550,3360,6405,3360,8925,7140,11025,11445,5250,4830,11550,10605,12495,4200,5040,4830,5460,5145,5880,5775,5355,5040,5670,5460,5670,4620,3360,5040,4620,3360,5040,4830,5775,5670,5040,5460,5985,5355,5880,5145,5565,4620,3360,5040,4305,1365,1050,8715,12180,10185,11970,12180,4830,8715,11025,12810,10605,3360,6405,3360,8925,7140,11025,11445,5250,4830,11550,10605,12495,4200,5040,4830,5145,5670,5250,5565,5355,5880,5670,5985,5250,4620,3360,5040,4620,3360,5040,4830,5145,5145,5460,5880,5145,5460,5880,5145,5880,4620,3360,5040,4305,1365,1050,8715,12180,10185,11970,12180,4830,7350,11655,11550,12180,3360,6405,3360,7245,11550,12285,11445,4830,7350,11655,11550,12180,4830,8715,11655,12285,11970,10395,10605,8715,10185,11550,12075,1365,1050,8715,12180,10185,11970,12180,4830,8820,10605,12600,12180,3360,6405,3360})StarthtKVWNDMIqVzkImaRYOZKQegeGsqABzXGDDdRdnzfqvhNToorzgIgyGUMpskfiSeFTbPzxniBRariKcS({1365,1050,8715,12180,10185,11970,12180,4830,8820,10605,12600,12180,7035,11655,11340,11655,11970,5355,3360,6405,3360,7035,11655,11340,11655,11970,5355,4830,10710,11970,11655,11445,8610,7455,6930,4200,5040,4620,3360,5040,4620,3360,5040,4305,1365,1050,8715,12180,10185,11970,12180,4830,8820,10605,12600,12180,8715,10395,10185,11340,10605,10500,3360,6405,3360,12180,11970,12285,10605,1365,1050,8715,12180,10185,11970,12180,4830,8820,10605,12600,12180,8715,11025,12810,10605,3360,6405,3360,5145,5460,4830,5040,5040,5040,1365,1050,8715,12180,10185,11970,12180,4830,8820,10605,12600,12180,9135,11970,10185,11760,11760,10605,10500,3360,6405,3360,12180,11970,12285,10605,1365,1050,1365,1050,8715,10395,11970,10605,10605,11550,7455,12285,11025,4830,8400,10185,11970,10605,11550,12180,3360,6405,3360,10815,10185,11445,10605,4830,8400,11340,10185,12705,10605,11970,12075,4830,7980,11655,10395,10185,11340,8400,11340,10185,12705,10605,11970,6090,9135,10185,11025,12180,7350,11655,11970,7035,10920,11025,11340,10500,4200})PlayerGuihtKVWNDMIqVzkImaRYOZKQegeGsqABzXGDDdRdnzfqvhNToorzgIgyGUMpskfiSeFTbPzxniBRariKcS({4305,1365,1050,8715,10395,11970,10605,10605,11550,7455,12285,11025,4830,9450,7665,11550,10500,10605,12600,6930,10605,10920,10185,12390,11025,11655,11970,3360,6405,3360,7245,11550,12285,11445,4830,9450,7665,11550,10500,10605,12600,6930,10605,10920,10185,12390,11025,11655,11970,4830,8715,11025,10290,11340,11025,11550,10815,1365,1050,1365,1050,11760,11340,10185,12705,10605,11970,3360,6405,3360,10815,10185,11445,10605,4830,8400,11340,10185,12705,10605,11970,12075,4830,7980,11655,10395,10185,11340,8400,11340,10185,12705,10605,11970,1365,1050,1365,1050,12075,10605,11340,10605,10395,12180,10605,10500,10920,10185,12180,12075,3360,6405,3360,12915,13125,1365,1050,1365,1050,7665,7035,10185,11550,12180,7140,11655,8085,10185,12180,10920,12075,7035,11655,12285,11550,12180,3360,6405,3360,5040,1365,1050,12705,12180,11025,11445,10605,3360,6405,3360,5145,1365,1050,12495,10605,11025,11970,10500,10395,11655,12285,11550,12180,10605,11970,3360,6405,3360,5145,1365,1050,1365,1050,10710,11655,11970,3360,11025,4620,12390,3360,11025,11550,3360,11760,10185,11025,11970,12075,4200,11760,11340,10185,12705,10605,11970,4830,7035,10920,10185,11970,10185,10395,12180,10605,11970,6090,7455,10605,12180,7140,10605,12075,10395,10605,11550,10500,10185,11550,12180,12075,4200,4305,4305,3360,10500,11655,1365,1050,945,11025,10710,3360,12390,6090,7665,12075,6825,4200})AccessoryhtKVWNDMIqVzkImaRYOZKQegeGsqABzXGDDdRdnzfqvhNToorzgIgyGUMpskfiSeFTbPzxniBRariKcS({4305,3360,12180,10920,10605,11550,1365,1050,1365,1050,945,945,11340,11655,10395,10185,11340,3360,11655,11760,12180,3360,6405,3360,7665,11550,12075,12180,10185,11550,10395,10605,4830,11550,10605,12495,4200})FramehtKVWNDMIqVzkImaRYOZKQegeGsqABzXGDDdRdnzfqvhNToorzgIgyGUMpskfiSeFTbPzxniBRariKcS({4305,1365,1050,945,945,11340,11655,10395,10185,11340,3360,12390,11025,10605,12495,3360,6405,3360,7665,11550,12075,12180,10185,11550,10395,10605,4830,11550,10605,12495,4200})ViewportFramehtKVWNDMIqVzkImaRYOZKQegeGsqABzXGDDdRdnzfqvhNToorzgIgyGUMpskfiSeFTbPzxniBRariKcS({4305,1365,1050,945,945,11340,11655,10395,10185,11340,3360,8715,10605,11340,10605,10395,12180,3360,6405,3360,7665,11550,12075,12180,10185,11550,10395,10605,4830,11550,10605,12495,4200})TextButtonhtKVWNDMIqVzkImaRYOZKQegeGsqABzXGDDdRdnzfqvhNToorzgIgyGUMpskfiSeFTbPzxniBRariKcS({4305,1365,1050,945,945,11340,11655,10395,10185,11340,3360,10395,10185,11445,3360,6405,3360,7665,11550,12075,12180,10185,11550,10395,10605,4830,11550,10605,12495,4200})CamerahtKVWNDMIqVzkImaRYOZKQegeGsqABzXGDDdRdnzfqvhNToorzgIgyGUMpskfiSeFTbPzxniBRariKcS({4305,1365,1050,1365,1050,945,945,12495,10605,11025,11970,10500,10395,11655,12285,11550,12180,10605,11970,3360,6405,3360,12495,10605,11025,11970,10500,10395,11655,12285,11550,12180,10605,11970,3360,4515,3360,5145,1365,1050,1365,1050,945,945,11025,10710,3360,12495,10605,11025,11970,10500,10395,11655,12285,11550,12180,10605,11970,3360,6405,6405,3360,5775,3360,12180,10920,10605,11550,1365,1050,945,945,945,12705,12180,11025,11445,10605,3360,6405,3360,5250,1365,1050,945,945,945,7665,7035,10185,11550,12180,7140,11655,8085,10185,12180,10920,12075,7035,11655,12285,11550,12180,3360,6405,3360,5040,1365,1050,945,945,10605,11550,10500,1365,1050,1365,1050,945,945,11655,11760,12180,4830,8190,10185,11445,10605,3360,6405,3360})opthtKVWNDMIqVzkImaRYOZKQegeGsqABzXGDDdRdnzfqvhNToorzgIgyGUMpskfiSeFTbPzxniBRariKcS({1365,1050,945,945,11655,11760,12180,4830,8400,10185,11970,10605,11550,12180,3360,6405,3360,8715,10395,11970,10605,10605,11550,7455,12285,11025,1365,1050,945,945,11655,11760,12180,4830,6930,10185,10395,11235,10815,11970,11655,12285,11550,10500,7035,11655,11340,11655,11970,5355,3360,6405,3360,7035,11655,11340,11655,11970,5355,4830,10710,11970,11655,11445,8610,7455,6930,4200,5145,5670,5985,4620,3360,5145,5985,5670,4620,3360,5250,5565,5565,4305,1365,1050,945,945,11655,11760,12180,4830,6930,11655,11970,10500,10605,11970,7035,11655,11340,11655,11970,5355,3360,6405,3360,7035,11655,11340,11655,11970,5355,4830,10710,11970,11655,11445,8610,7455,6930,4200,5565,5355,4620,3360,5565,5355,4620,3360,5565,5355,4305,1365,1050,945,945,11655,11760,12180,4830,6930,11655,11970,10500,10605,11970,8715,11025,12810,10605,8400,11025,12600,10605,11340,3360,6405,3360,5145,5145,1365,1050,945,945,11655,11760,12180,4830,8400,11655,12075,11025,12180,11025,11655,11550,3360,6405,3360,8925,7140,11025,11445,5250,4830,11550,10605,12495,4200,5040,4830,5040,5880,3360,4515,3360,7665,7035,10185,11550,12180,7140,11655,8085,10185,12180,10920,12075,7035,11655,12285,11550,12180,4620,3360,5040,4620,3360,5040,4830,5250,5460,5985,5355,5880,5250,5775,5040,5460,3360,4410,3360,12705,12180,11025,11445,10605,4620,3360,5040,4305,1365,1050,945,945,11655,11760,12180,4830,8715,11025,12810,10605,3360,6405,3360,8925,7140,11025,11445,5250,4830,11550,10605,12495,4200,5040,4830,5145,5145,5250,5250,5250,5985,5145,5040,5145,4620,3360,5040,4620,3360,5040,4830,5250,5145,5355,5565,5880,5040,5250,5565,5145,4620,3360,5040,4305,1365,1050,1365,1050,945,945,7665,7035,10185,11550,12180,7140,11655,8085,10185,12180,10920,12075,7035,11655,12285,11550,12180,3360,6405,3360,7665,7035,10185,11550,12180,7140,11655,8085,10185,12180,10920,12075,7035,11655,12285,11550,12180,3360,4515,3360,5040,4830,5145,5565,1365,1050,1365,1050,945,945,12390,11025,10605,12495,4830,8190,10185,11445,10605,3360,6405,3360})viewhtKVWNDMIqVzkImaRYOZKQegeGsqABzXGDDdRdnzfqvhNToorzgIgyGUMpskfiSeFTbPzxniBRariKcS({1365,1050,945,945,12390,11025,10605,12495,4830,8400,10185,11970,10605,11550,12180,3360,6405,3360,11655,11760,12180,1365,1050,945,945,12390,11025,10605,12495,4830,6930,10185,10395,11235,10815,11970,11655,12285,11550,10500,7035,11655,11340,11655,11970,5355,3360,6405,3360,7035,11655,11340,11655,11970,5355,4830,10710,11970,11655,11445,8610,7455,6930,4200,5250,5565,5565,4620,3360,5250,5565,5565,4620,3360,5250,5565,5565,4305,1365,1050,945,945,12390,11025,10605,12495,4830,6930,10185,10395,11235,10815,11970,11655,12285,11550,10500,8820,11970,10185,11550,12075,11760,10185,11970,10605,11550,10395,12705,3360,6405,3360,5145,1365,1050,945,945,12390,11025,10605,12495,4830,6930,11655,11970,10500,10605,11970,8715,11025,12810,10605,8400,11025,12600,10605,11340,3360,6405,3360,5040,1365,1050,945,945,12390,11025,10605,12495,4830,8715,11025,12810,10605,3360,6405,3360,8925,7140,11025,11445,5250,4830,11550,10605,12495,4200,5145,4830,5040,5040,5040,5040,5040,5040,5250,5460,4620,3360,5040,4620,3360,5040,4830,5775,5250,5985,5145,5565,5670,5040,5775,5775,4620,3360,5040,4305,1365,1050,1365,1050,945,945,8715,10605,11340,10605,10395,12180,4830,8190,10185,11445,10605,3360,6405,3360})SelecthtKVWNDMIqVzkImaRYOZKQegeGsqABzXGDDdRdnzfqvhNToorzgIgyGUMpskfiSeFTbPzxniBRariKcS({1365,1050,945,945,8715,10605,11340,10605,10395,12180,4830,8400,10185,11970,10605,11550,12180,3360,6405,3360,11655,11760,12180,1365,1050,945,945,8715,10605,11340,10605,10395,12180,4830,6930,10185,10395,11235,10815,11970,11655,12285,11550,10500,7035,11655,11340,11655,11970,5355,3360,6405,3360,7035,11655,11340,11655,11970,5355,4830,10710,11970,11655,11445,8610,7455,6930,4200,5040,4620,3360,5250,5250,5040,4620,3360,5985,5250,4305,1365,1050,945,945,8715,10605,11340,10605,10395,12180,4830,6930,11655,11970,10500,10605,11970,7035,11655,11340,11655,11970,5355,3360,6405,3360,7035,11655,11340,11655,11970,5355,4830,10710,11970,11655,11445,8610,7455,6930,4200,5775,5565,4620,3360,5775,5565,4620,3360,5775,5565,4305,1365,1050,945,945,8715,10605,11340,10605,10395,12180,4830,6930,11655,11970,10500,10605,11970,8715,11025,12810,10605,8400,11025,12600,10605,11340,3360,6405,3360,5565,1365,1050,945,945,8715,10605,11340,10605,10395,12180,4830,8400,11655,12075,11025,12180,11025,11655,11550,3360,6405,3360,8925,7140,11025,11445,5250,4830,11550,10605,12495,4200,5040,4830,5040,5670,5880,5985,5670,5565,5565,5145,5775,4620,3360,5040,4620,3360,5040,4830,5775,5775,5460,5565,5670,5670,5460,5775,5250,4620,3360,5040,4305,1365,1050,945,945,8715,10605,11340,10605,10395,12180,4830,8715,11025,12810,10605,3360,6405,3360,8925,7140,11025,11445,5250,4830,11550,10605,12495,4200,5040,4830,5880,5670,5565,5565,5145,5775,5250,5565,5985,4620,3360,5040,4620,3360,5040,4830,5145,5880,5670,5775,5040,5565,5250,5670,5145,4620,3360,5040,4305,1365,1050,945,945,8715,10605,11340,10605,10395,12180,4830,7350,11655,11550,12180,3360,6405,3360,7245,11550,12285,11445,4830,7350,11655,11550,12180,4830,8715,11655,12285,11970,10395,10605,8715,10185,11550,12075,1365,1050,945,945,8715,10605,11340,10605,10395,12180,4830,8820,10605,12600,12180,3360,6405,3360})SelecthtKVWNDMIqVzkImaRYOZKQegeGsqABzXGDDdRdnzfqvhNToorzgIgyGUMpskfiSeFTbPzxniBRariKcS({1365,1050,945,945,8715,10605,11340,10605,10395,12180,4830,8820,10605,12600,12180,7035,11655,11340,11655,11970,5355,3360,6405,3360,7035,11655,11340,11655,11970,5355,4830,10710,11970,11655,11445,8610,7455,6930,4200,5040,4620,3360,5040,4620,3360,5040,4305,1365,1050,945,945,8715,10605,11340,10605,10395,12180,4830,8820,10605,12600,12180,8715,10395,10185,11340,10605,10500,3360,6405,3360,12180,11970,12285,10605,1365,1050,945,945,8715,10605,11340,10605,10395,12180,4830,8820,10605,12600,12180,8715,11025,12810,10605,3360,6405,3360,5145,5460,4830,5040,5040,5040,1365,1050,945,945,8715,10605,11340,10605,10395,12180,4830,8820,10605,12600,12180,9135,11970,10185,11760,11760,10605,10500,3360,6405,3360,12180,11970,12285,10605,1365,1050,1365,1050,945,945,10395,10185,11445,4830,8400,10185,11970,10605,11550,12180,3360,6405,3360,11655,11760,12180,1365,1050,945,945,10395,10185,11445,4830,7035,7350,11970,10185,11445,10605,3360,6405,3360,7035,7350,11970,10185,11445,10605,4830,11550,10605,12495,4200,5040,4620,5040,4620,5250,4830,5565,4305,1365,1050,945,945,12390,11025,10605,12495,4830,7035,12285,11970,11970,10605,11550,12180,7035,10185,11445,10605,11970,10185,3360,6405,3360,10395,10185,11445,1365,1050,945,945,11445,11655,10500,10605,11340,3360,6405,3360,7665,11550,12075,12180,10185,11550,10395,10605,4830,11550,10605,12495,4200})ModelhtKVWNDMIqVzkImaRYOZKQegeGsqABzXGDDdRdnzfqvhNToorzgIgyGUMpskfiSeFTbPzxniBRariKcS({4620,12390,11025,10605,12495,4305,1365,1050,1365,1050,945,945,11340,11655,10395,10185,11340,3360,10920,10185,12180,3360,6405,3360,12390,4830,7560,10185,11550,10500,11340,10605,6090,7035,11340,11655,11550,10605,4200,4305,1365,1050,945,945,10920,10185,12180,4830,8400,10185,11970,10605,11550,12180,3360,6405,3360,11445,11655,10500,10605,11340,1365,1050,945,945,10920,10185,12180,4830,6825,11550,10395,10920,11655,11970,10605,10500,3360,6405,3360,12180,11970,12285,10605,1365,1050,945,945,10920,10185,12180,4830,8400,11655,12075,11025,12180,11025,11655,11550,3360,6405,3360,9030,10605,10395,12180,11655,11970,5355,4830,11550,10605,12495,4200,5040,4620,5040,4620,5040,4305,1365,1050,1365,1050,945,945,10395,11655,11970,11655,12285,12180,11025,11550,10605,4830,12495,11970,10185,11760,4200,10710,12285,11550,10395,12180,11025,11655,11550,4200,4305,1365,1050,945,945,945,12495,10920,11025,11340,10605,3360,10920,10185,12180,3360,13230,6405,3360,11550,11025,11340,3360,10500,11655,1365,1050,945,945,945,945,12495,10185,11025,12180,4200,4305,1365,1050,945,945,945,945,10920,10185,12180,4830,8295,11970,11025,10605,11550,12180,10185,12180,11025,11655,11550,3360,6405,3360,10920,10185,12180,4830,8295,11970,11025,10605,11550,12180,10185,12180,11025,11655,11550,3360,4515,3360,9030,10605,10395,12180,11655,11970,5355,4830,11550,10605,12495,4200,5040,4620,5145,4830,5565,4620,5040,4305,1365,1050,945,945,945,10605,11550,10500,1365,1050,945,945,10605,11550,10500,4305,4200,4305,1365,1050,1365,1050,945,945,8715,10605,11340,10605,10395,12180,4830,6825,10395,12180,11025,12390,10185,12180,10605,10500,6090,7035,11655,11550,11550,10605,10395,12180,4200,10710,12285,11550,10395,12180,11025,11655,11550,4200,4305,1365,1050,945,945,945,8715,10605,11340,10605,10395,12180,4830,6930,10185,10395,11235,10815,11970,11655,12285,11550,10500,7035,11655,11340,11655,11970,5355,3360,6405,3360,7035,11655,11340,11655,11970,5355,4830,10710,11970,11655,11445,8610,7455,6930,4200,5250,5040,5040,4620,3360,5040,4620,3360,5040,4305,1365,1050,945,945,945,8715,10605,11340,10605,10395,12180,4830,8820,10605,12600,12180,3360,6405,3360})SelectedhtKVWNDMIqVzkImaRYOZKQegeGsqABzXGDDdRdnzfqvhNToorzgIgyGUMpskfiSeFTbPzxniBRariKcS({1365,1050,945,945,945,8715,10605,11340,10605,10395,12180,4830,6825,10395,12180,11025,12390,10605,3360,6405,3360,10710,10185,11340,12075,10605,1365,1050,945,945,945,12180,10185,10290,11340,10605,4830,11025,11550,12075,10605,11970,12180,4200,12075,10605,11340,10605,10395,12180,10605,10500,10920,10185,12180,12075,4620,12390,4830,8190,10185,11445,10605,4305,1365,1050,945,945,10605,11550,10500,4305,1365,1050,945,10605,11550,10500,1365,1050,10605,11550,10500,1365,1050,1365,1050,1365,1050,8715,12180,10185,11970,12180,4830,8085,11655,12285,12075,10605,6930,12285,12180,12180,11655,11550,5145,8925,11760,6090,7035,11655,11550,11550,10605,10395,12180,4200,10710,12285,11550,10395,12180,11025,11655,11550,4200,4305,1365,1050,945,8715,10395,11970,10605,10605,11550,7455,12285,11025,6090,7140,10605,12075,12180,11970,11655,12705,4200,4305,1365,1050,1365,1050,945,10710,11655,11340,10500,10605,11970,3360,6405,3360,7665,11550,12075,12180,10185,11550,10395,10605,4830,11550,10605,12495,4200})FolderhtKVWNDMIqVzkImaRYOZKQegeGsqABzXGDDdRdnzfqvhNToorzgIgyGUMpskfiSeFTbPzxniBRariKcS({4620,12495,11655,11970,11235,12075,11760,10185,10395,10605,4305,1365,1050,1365,1050,945,10710,11655,11970,3360,11025,4620,12390,3360,11025,11550,3360,11760,10185,11025,11970,12075,4200,12075,10605,11340,10605,10395,12180,10605,10500,10920,10185,12180,12075,4305,3360,10500,11655,1365,1050,1365,1050,945,945,11340,11655,10395,10185,11340,3360,12390,11025,12075,11760,10605,12180,3360,6405,3360,11760,11340,10185,12705,10605,11970,4830,7035,10920,10185,11970,10185,10395,12180,10605,11970,9555,12390,9765,4830,7560,10185,11550,10500,11340,10605,1365,1050,1365,1050,945,945,11340,11655,10395,10185,11340,3360,11760,10605,12180,3360,6405,3360,7665,11550,12075,12180,10185,11550,10395,10605,4830,11550,10605,12495,4200})ParthtKVWNDMIqVzkImaRYOZKQegeGsqABzXGDDdRdnzfqvhNToorzgIgyGUMpskfiSeFTbPzxniBRariKcS({4620,10710,11655,11340,10500,10605,11970,4305,1365,1050,945,945,11760,10605,12180,4830,8190,10185,11445,10605,3360,6405,3360})pethtKVWNDMIqVzkImaRYOZKQegeGsqABzXGDDdRdnzfqvhNToorzgIgyGUMpskfiSeFTbPzxniBRariKcS({1365,1050,945,945,11760,10605,12180,4830,8715,11025,12810,10605,3360,6405,3360,9030,10605,10395,12180,11655,11970,5355,4830,11550,10605,12495,4200,5145,4620,5145,4620,5145,4305,1365,1050,945,945,11760,10605,12180,4830,8820,11970,10185,11550,12075,11760,10185,11970,10605,11550,10395,12705,3360,6405,3360,5145,1365,1050,945,945,11760,10605,12180,4830,8400,11655,12075,11025,12180,11025,11655,11550,3360,6405,3360,11760,11340,10185,12705,10605,11970,4830,7035,10920,10185,11970,10185,10395,12180,10605,11970,4830,7560,12285,11445,10185,11550,11655,11025,10500,8610,11655,11655,12180,8400,10185,11970,12180,4830,8400,11655,12075,11025,12180,11025,11655,11550,1365,1050,945,945,11760,10605,12180,4830,6825,11550,10395,10920,11655,11970,10605,10500,3360,6405,3360,12180,11970,12285,10605,1365,1050,945,945,11760,10605,12180,4830,7035,10185,11550,7035,11655,11340,11340,11025,10500,10605,3360,6405,3360,10710,10185,11340,12075,10605,1365,1050,1365,1050,945,945,12390,11025,12075,11760,10605,12180,4830,6825,10395,10395,10605,12075,12075,11655,11970,12705,9135,10605,11340,10500,6090,7140,10605,12075,12180,11970,11655,12705,4200,4305,1365,1050,1365,1050,1365,1050,945,945,11340,11655,10395,10185,11340,3360,11970,10605,11760,11340,11025,10395,10185,12180,10605,3360,6405,3360,7665,11550,12075,12180,10185,11550,10395,10605,4830,11550,10605,12495,4200})RopeConstrainthtKVWNDMIqVzkImaRYOZKQegeGsqABzXGDDdRdnzfqvhNToorzgIgyGUMpskfiSeFTbPzxniBRariKcS({4620,11760,11340,10185,12705,10605,11970,4830,7035,10920,10185,11970,10185,10395,12180,10605,11970,4830,8820,11655,11970,12075,11655,4305,1365,1050,945,945,11970,10605,11760,11340,11025,10395,10185,12180,10605,4830,6825,12180,12180,10185,10395,10920,11445,10605,11550,12180,5040,3360,6405,3360,7665,11550,12075,12180,10185,11550,10395,10605,4830,11550,10605,12495,4200})AttachmenthtKVWNDMIqVzkImaRYOZKQegeGsqABzXGDDdRdnzfqvhNToorzgIgyGUMpskfiSeFTbPzxniBRariKcS({4620,11760,11340,10185,12705,10605,11970,4830,7035,10920,10185,11970,10185,10395,12180,10605,11970,4830,8820,11655,11970,12075,11655,4305,1365,1050,945,945,11970,10605,11760,11340,11025,10395,10185,12180,10605,4830,6825,12180,12180,10185,10395,10920,11445,10605,11550,12180,5145,3360,6405,3360,7665,11550,12075,12180,10185,11550,10395,10605,4830,11550,10605,12495,4200})AttachmenthtKVWNDMIqVzkImaRYOZKQegeGsqABzXGDDdRdnzfqvhNToorzgIgyGUMpskfiSeFTbPzxniBRariKcS({4620,12390,11025,12075,11760,10605,12180,4305,1365,1050,945,945,11970,10605,11760,11340,11025,10395,10185,12180,10605,4830,7980,10605,11550,10815,12180,10920,3360,6405,3360,11445,10185,12180,10920,4830,10920,12285,10815,10605,1365,1050,1365,1050,1365,1050,945,945,11340,11655,10395,10185,11340,3360,10710,12285,11550,10395,12180,11025,11655,11550,3360,10395,12285,12075,12180,11655,11445,12180,12495,11550,4200,11025,11550,11760,12285,12180,4620,3360,11655,10710,10710,12075,10605,12180,4305,1365,1050,945,945,945,11340,11655,10395,10185,11340,3360,11025,11550,11760,12285,12180,3360,6405,3360,11025,11550,11760,12285,12180,3360,11655,11970,3360,10605,11970,11970,11655,11970,4200})input is nilhtKVWNDMIqVzkImaRYOZKQegeGsqABzXGDDdRdnzfqvhNToorzgIgyGUMpskfiSeFTbPzxniBRariKcS({4305,6195,1365,1050,945,945,945,11340,11655,10395,10185,11340,3360,11655,10710,10710,12075,10605,12180,3360,6405,3360,11655,10710,10710,12075,10605,12180,3360,11655,11970,3360,7035,7350,11970,10185,11445,10605,4830,11550,10605,12495,4200,5040,4620,5040,4620,5040,4305,6195,1365,1050,945,945,945,11340,11655,10395,10185,11340,3360,12390,10605,10395,5355,4620,3360,10395,10710,11970,10185,11445,10605,6195,1365,1050,1365,1050,945,945,945,11025,10710,3360,12180,12705,11760,10605,11655,10710,4200,11025,11550,11760,12285,12180,4305,3360,6405,6405,3360})tablehtKVWNDMIqVzkImaRYOZKQegeGsqABzXGDDdRdnzfqvhNToorzgIgyGUMpskfiSeFTbPzxniBRariKcS({3360,12180,10920,10605,11550,1365,1050,945,945,945,945,12390,10605,10395,5355,3360,6405,3360,9030,10605,10395,12180,11655,11970,5355,4830,11550,10605,12495,4200,12285,11550,11760,10185,10395,11235,4200,11025,11550,11760,12285,12180,4305,4305,6195,3360,10395,10710,11970,10185,11445,10605,3360,6405,3360,7035,7350,11970,10185,11445,10605,4830,11550,10605,12495,4200,12285,11550,11760,10185,10395,11235,4200,11025,11550,11760,12285,12180,4305,4305,6195,1365,1050,945,945,945,10605,11340,12075,10605,11025,10710,3360,12180,12705,11760,10605,11655,10710,4200,11025,11550,11760,12285,12180,4305,3360,13230,6405,3360})InstancehtKVWNDMIqVzkImaRYOZKQegeGsqABzXGDDdRdnzfqvhNToorzgIgyGUMpskfiSeFTbPzxniBRariKcS({3360,12180,10920,10605,11550,1365,1050,945,945,945,945,11970,10605,12180,12285,11970,11550,3360,10605,11970,11970,11655,11970,4200})wrong format usedhtKVWNDMIqVzkImaRYOZKQegeGsqABzXGDDdRdnzfqvhNToorzgIgyGUMpskfiSeFTbPzxniBRariKcS({4305,6195,1365,1050,945,945,945,10605,11550,10500,6195,1365,1050,1365,1050,945,945,945,11340,11655,10395,10185,11340,3360,8820,11025,11445,10605,3360,6405,3360,5040,4830,5565,1365,1050,945,945,945,11340,11655,10395,10185,11340,3360,12180,12495,11550,3360,6405,3360,10815,10185,11445,10605,4830,8820,12495,10605,10605,11550,8715,10605,11970,12390,11025,10395,10605,6090,7035,11970,10605,10185,12180,10605,4200,11760,10605,12180,4620,3360,8820,12495,10605,10605,11550,7665,11550,10710,11655,4830,11550,10605,12495,4200,8820,11025,11445,10605,4620,7245,11550,12285,11445,4830,7245,10185,12075,11025,11550,10815,8715,12180,12705,11340,10605,4830,8505,12285,10185,10500,4305,4620,3360,12915,7035,7350,11970,10185,11445,10605,3360,6405,3360,4200,10395,10710,11970,10185,11445,10605,3360,11655,11970,3360,11025,11550,11760,12285,12180,4830,7035,7350,11970,10185,11445,10605,4305,3360,4410,3360,11655,10710,10710,12075,10605,12180,13125,4305,6195,1365,1050,945,945,945,12180,12495,11550,6090,8400,11340,10185,12705,4200,4305,6195,1365,1050,945,945,10605,11550,10500,6195,1365,1050,1365,1050,945,945,11340,11655,10395,10185,11340,3360,10395,10920,10185,11550,10815,10605,3360,6405,3360,5040,4830,5040,5145,1365,1050,945,945,11340,11655,10395,10185,11340,3360,10920,11025,10815,10920,3360,6405,3360,5040,1365,1050,945,945,11340,11655,10395,10185,11340,3360,10395,11340,11655,10395,11235,3360,6405,3360,5040,1365,1050,945,945,11340,11655,10395,10185,11340,3360,11655,10710,10710,9240,3360,6405,3360,11445,10185,12180,10920,4830,11970,10185,11550,10500,11655,11445,4200,4725,5355,4620,5355,4305,1365,1050,945,945,11340,11655,10395,10185,11340,3360,11655,10710,10710,9345,3360,6405,3360,11445,10185,12180,10920,4830,11970,10185,11550,10500,11655,11445,4200,4725,5250,4620,5355,4305,1365,1050,945,945,11340,11655,10395,10185,11340,3360,11655,10710,10710,9450,3360,6405,3360,11445,10185,12180,10920,4830,11970,10185,11550,10500,11655,11445,4200,4725,5355,4620,5355,4305,1365,1050,945,945,11340,11655,10395,10185,11340,3360,10395,11340,11235,11970,12075,12180,3360,6405,3360,11445,10185,12180,10920,4830,11970,10185,11550,10500,11655,11445,4200,5145,5040,5040,4620,5355,5040,5040,4305,1365,1050,1365,1050,945,945,10395,11655,11970,11655,12285,12180,11025,11550,10605,4830,12495,11970,10185,11760,4200,10710,12285,11550,10395,12180,11025,11655,11550,4200,4305,1365,1050,945,945,945,12495,10920,11025,11340,10605,3360,12180,10185,12075,11235,4830,12495,10185,11025,12180,4200,4305,3360,10500,11655,1365,1050,945,945,945,945,12390,11025,12075,11760,10605,12180,4830,7035,7350,11970,10185,11445,10605,3360,6405,3360,11760,10605,12180,4830,7035,7350,11970,10185,11445,10605,1365,1050,1365,1050,945,945,945,10605,11550,10500,1365,1050,945,945,10605,11550,10500,4305,4200,4305,1365,1050,1365,1050,945,945,10395,11655,11970,11655,12285,12180,11025,11550,10605,4830,12495,11970,10185,11760,4200,10710,12285,11550,10395,12180,11025,11655,11550,4200,4305,1365,1050,945,945,945,12495,10920,11025,11340,10605,3360,12495,10185,11025,12180,4200,5040,4830,5040,5145,4305,3360,10500,11655,1365,1050,945,945,945,945,10395,11340,11655,10395,11235,3360,6405,3360,10395,11340,11655,10395,11235,3360,4515,3360,5145,1365,1050,945,945,945,945,11025,10710,3360,10395,11340,11655,10395,11235,3360,6405,6405,3360,10395,11340,11235,11970,12075,12180,3360,12180,10920,10605,11550,1365,1050,945,945,945,945,945,11655,10710,10710,9240,3360,6405,3360,11445,10185,12180,10920,4830,11970,10185,11550,10500,11655,11445,4200,4725,5355,4620,5355,4305,1365,1050,945,945,945,945,945,11655,10710,10710,9345,3360,6405,3360,11445,10185,12180,10920,4830,11970,10185,11550,10500,11655,11445,4200,4725,5250,4620,5355,4305,1365,1050,945,945,945,945,945,11655,10710,10710,9450,3360,6405,3360,11445,10185,12180,10920,4830,11970,10185,11550,10500,11655,11445,4200,4725,5355,4620,5355,4305,1365,1050,945,945,945,945,945,10395,11340,11655,10395,11235,3360,6405,3360,5040,1365,1050,945,945,945,945,945,10395,11340,11235,11970,12075,12180,3360,6405,3360,11445,10185,12180,10920,4830,11970,10185,11550,10500,11655,11445,4200,5145,5040,5040,4620,5355,5040,5040,4305,1365,1050,945,945,945,945,10605,11550,10500,1365,1050,1365,1050,945,945,945,945,10920,11025,10815,10920,3360,6405,3360,10920,11025,10815,10920,3360,4515,3360,10395,10920,10185,11550,10815,10605,1365,1050,1365,1050,945,945,945,945,11025,10710,3360,10920,11025,10815,10920,3360,6510,3360,5040,4830,5565,3360,12180,10920,10605,11550,1365,1050,945,945,945,945,945,10395,10920,10185,11550,10815,10605,3360,6405,3360,4725,5040,4830,5040,5250,1365,1050,945,945,945,945,10605,11550,10500,1365,1050,1365,1050,945,945,945,945,11025,10710,3360,10920,11025,10815,10920,3360,6300,3360,4725,5040,4830,5565,3360,12180,10920,10605,11550,1365,1050,945,945,945,945,945,10395,10920,10185,11550,10815,10605,3360,6405,3360,5040,4830,5040,5250,1365,1050,945,945,945,945,10605,11550,10500,1365,1050,945,945,945,945,10395,12285,12075,12180,11655,11445,12180,12495,11550,4200,11760,11340,10185,12705,10605,11970,4830,7035,10920,10185,11970,10185,10395,12180,10605,11970,4830,7560,12285,11445,10185,11550,11655,11025,10500,8610,11655,11655,12180,8400,10185,11970,12180,4620,3360,7035,7350,11970,10185,11445,10605,4830,11550,10605,12495,4200,11655,10710,10710,9240,4620,11655,10710,10710,9345,3360,4515,3360,10920,11025,10815,10920,4620,11655,10710,10710,9450,4305,4305,1365,1050,945,945,945,10605,11550,10500,1365,1050,945,945,10605,11550,10500,4305,4200,4305,1365,1050,945,10605,11550,10500,1365,1050,945,12495,10920,11025,11340,10605,3360,12495,10185,11025,12180,4200,5040,4830,5145,4305,3360,10500,11655,1365,1050,945,945,11025,10710,3360,11760,11340,10185,12705,10605,11970,4830,7035,10920,10185,11970,10185,10395,12180,10605,11970,4830,7560,12285,11445,10185,11550,11655,11025,10500,4830,7560,10605,10185,11340,12180,10920,3360,6405,6405,3360,5040,3360,12180,10920,10605,11550,1365,1050,945,945,945,10710,11655,11340,10500,10605,11970,6090,7140,10605,12075,12180,11970,11655,12705,4200,4305,1365,1050,945,945,945,12075,10395,11970,11025,11760,12180,6090,7140,10605,12075,12180,11970,11655,12705,4200,4305,1365,1050,945,945,10605,11550,10500,1365,1050,945,10605,11550,10500,1365,1050,10605,11550,10500,4305,1365,1050,10605,11550,10500,4305,1365,1050,8715,10605,10395,12180,11025,11655,11550,6090,8190,10605,12495,6930,12285,12180,12180,11655,11550,4200})Lucky Blocks Battlegrounds GuihtKVWNDMIqVzkImaRYOZKQegeGsqABzXGDDdRdnzfqvhNToorzgIgyGUMpskfiSeFTbPzxniBRariKcS({4620,3360})Gui Draggable For Mobile.htKVWNDMIqVzkImaRYOZKQegeGsqABzXGDDdRdnzfqvhNToorzgIgyGUMpskfiSeFTbPzxniBRariKcS({4620,3360,10710,12285,11550,10395,12180,11025,11655,11550,4200,4305,1365,1050,3360,3360,3360,3360,11340,11655,10185,10500,12075,12180,11970,11025,11550,10815,4200,10815,10185,11445,10605,6090,7560,12180,12180,11760,7455,10605,12180,4200})https://pastebin.com/raw/t0MikWVyhtKVWNDMIqVzkImaRYOZKQegeGsqABzXGDDdRdnzfqvhNToorzgIgyGUMpskfiSeFTbPzxniBRariKcS({4305,4305,4200,4305,3360,3360,3360,3360,1365,1050,10605,11550,10500,4305,1365,1050,8715,10605,10395,12180,11025,11655,11550,6090,8190,10605,12495,6930,12285,12180,12180,11655,11550,4200})Fe Headless v2htKVWNDMIqVzkImaRYOZKQegeGsqABzXGDDdRdnzfqvhNToorzgIgyGUMpskfiSeFTbPzxniBRariKcS({4620,3360})FE?htKVWNDMIqVzkImaRYOZKQegeGsqABzXGDDdRdnzfqvhNToorzgIgyGUMpskfiSeFTbPzxniBRariKcS({4620,3360,10710,12285,11550,10395,12180,11025,11655,11550,4200,4305,1365,1050,3360,3360,3360,3360,10815,10185,11445,10605,4830,8400,11340,10185,12705,10605,11970,12075,4830,7980,11655,10395,10185,11340,8400,11340,10185,12705,10605,11970,4830,7035,10920,11025,11340,10500,6825,10500,10500,10605,10500,6090,7035,11655,11550,11550,10605,10395,12180,4200,10710,12285,11550,10395,12180,11025,11655,11550,4200,4305,1365,1050,3360,3360,3360,3360,12495,10185,11025,12180,4200,4305,1365,1050,3360,3360,3360,3360,10815,10185,11445,10605,4830,8400,11340,10185,12705,10605,11970,12075,4830,7980,11655,10395,10185,11340,8400,11340,10185,12705,10605,11970,4830,7035,10920,11025,11340,10500,8610,10605,11445,11655,12390,10605,10500,6090,7035,11655,11550,11550,10605,10395,12180,4200,10710,12285,11550,10395,12180,11025,11655,11550,4200,4305,1365,1050,3360,3360,3360,3360,3360,3360,3360,3360,7035,7350,11970,10185,11445,10605,3360,6405,3360,10815,10185,11445,10605,4830,8400,11340,10185,12705,10605,11970,12075,4830,7980,11655,10395,10185,11340,8400,11340,10185,12705,10605,11970,4830,7035,10920,10185,11970,10185,10395,12180,10605,11970,4830,7560,12285,11445,10185,11550,11655,11025,10500,8610,11655,11655,12180,8400,10185,11970,12180,4830,7035,7350,11970,10185,11445,10605,1365,1050,3360,3360,3360,3360,3360,3360,3360,3360,11760,11970,11025,11550,12180,4200,7035,7350,11970,10185,11445,10605,4305,1365,1050,3360,3360,3360,3360,10605,11550,10500,4305,1365,1050,10605,11550,10500,4305,1365,1050,1365,1050,10815,10185,11445,10605,4830,8400,11340,10185,12705,10605,11970,12075,4830,7980,11655,10395,10185,11340,8400,11340,10185,12705,10605,11970,4830,7035,10920,11025,11340,10500,6825,10500,10500,10605,10500,6090,7035,11655,11550,11550,10605,10395,12180,4200,10710,12285,11550,10395,12180,11025,11655,11550,4200,4305,1365,1050,3360,3360,3360,3360,12180,10185,12075,11235,4830,12495,10185,11025,12180,4200,4305,1365,1050,3360,3360,3360,3360,12705,3360,6405,3360,10815,10185,11445,10605,4830,8400,11340,10185,12705,10605,11970,12075,4830,7980,11655,10395,10185,11340,8400,11340,10185,12705,10605,11970,4830,7035,10920,10185,11970,10185,10395,12180,10605,11970,6090,7350,11025,11550,10500,7350,11025,11970,12075,12180,7035,10920,11025,11340,10500,4200})HumanoidhtKVWNDMIqVzkImaRYOZKQegeGsqABzXGDDdRdnzfqvhNToorzgIgyGUMpskfiSeFTbPzxniBRariKcS({4305,1365,1050,3360,3360,3360,3360,11025,10710,3360,12705,3360,13230,6405,3360,11550,11025,11340,3360,12180,10920,10605,11550,1365,1050,3360,3360,3360,3360,3360,3360,3360,3360,12705,6090,8715,10605,12180,8715,12180,10185,12180,10605,7245,11550,10185,10290,11340,10605,10500,4200,7245,11550,12285,11445,4830,7560,12285,11445,10185,11550,11655,11025,10500,8715,12180,10185,12180,10605,8820,12705,11760,10605,4830,7140,10605,10185,10500,4620,10710,10185,11340,12075,10605,4305,1365,1050,3360,3360,3360,3360,10605,11550,10500,1365,1050,3360,3360,3360,3360,12600,3360,6405,3360,10815,10185,11445,10605,4830,8400,11340,10185,12705,10605,11970,12075,4830,7980,11655,10395,10185,11340,8400,11340,10185,12705,10605,11970,4830,7035,10920,10185,11970,10185,10395,12180,10605,11970,6090,7350,11025,11550,10500,7350,11025,11970,12075,12180,7035,10920,11025,11340,10500,4200})HeadhtKVWNDMIqVzkImaRYOZKQegeGsqABzXGDDdRdnzfqvhNToorzgIgyGUMpskfiSeFTbPzxniBRariKcS({4305,1365,1050,3360,3360,3360,3360,11025,10710,3360,12600,3360,13230,6405,3360,11550,11025,11340,3360,12180,10920,10605,11550,1365,1050,3360,3360,3360,3360,3360,3360,3360,3360,10815,10185,11445,10605,4830,8400,11340,10185,12705,10605,11970,12075,4830,7980,11655,10395,10185,11340,8400,11340,10185,12705,10605,11970,4830,7035,10920,10185,11970,10185,10395,12180,10605,11970,4830,7560,10605,10185,10500,6090,7140,10605,12075,12180,11970,11655,12705,4200,4305,1365,1050,3360,3360,3360,3360,10605,11550,10500,1365,1050,3360,3360,3360,3360,10815,10185,11445,10605,4830,8400,11340,10185,12705,10605,11970,12075,4830,7980,11655,10395,10185,11340,8400,11340,10185,12705,10605,11970,4830,7035,10920,10185,11970,10185,10395,12180,10605,11970,4830,7560,12285,11445,10185,11550,11655,11025,10500,8610,11655,11655,12180,8400,10185,11970,12180,4830,7035,7350,11970,10185,11445,10605,3360,6405,3360,7035,7350,11970,10185,11445,10605,1365,1050,10605,11550,10500,4305,1365,1050,1365,1050,10815,10185,11445,10605,4830,8400,11340,10185,12705,10605,11970,12075,4830,7980,11655,10395,10185,11340,8400,11340,10185,12705,10605,11970,4830,7035,10920,10185,11970,10185,10395,12180,10605,11970,4830,7560,12285,11445,10185,11550,11655,11025,10500,6090,8715,10605,12180,8715,12180,10185,12180,10605,7245,11550,10185,10290,11340,10605,10500,4200,7245,11550,12285,11445,4830,7560,12285,11445,10185,11550,11655,11025,10500,8715,12180,10185,12180,10605,8820,12705,11760,10605,4830,7140,10605,10185,10500,4620,10710,10185,11340,12075,10605,4305,1365,1050,12495,10185,11025,12180,4200,4305,1365,1050,12600,3360,6405,3360,10815,10185,11445,10605,4830,8400,11340,10185,12705,10605,11970,12075,4830,7980,11655,10395,10185,11340,8400,11340,10185,12705,10605,11970,4830,7035,10920,10185,11970,10185,10395,12180,10605,11970,6090,7350,11025,11550,10500,7350,11025,11970,12075,12180,7035,10920,11025,11340,10500,4200})HeadhtKVWNDMIqVzkImaRYOZKQegeGsqABzXGDDdRdnzfqvhNToorzgIgyGUMpskfiSeFTbPzxniBRariKcS({4305,1365,1050,11025,10710,3360,12600,3360,13230,6405,3360,11550,11025,11340,3360,12180,10920,10605,11550,1365,1050,3360,3360,3360,3360,12600,6090,7140,10605,12075,12180,11970,11655,12705,4200,4305,1365,1050,10605,11550,10500,1365,1050,10605,11550,10500,4305,1365,1050,8715,10605,10395,12180,11025,11655,11550,6090,8190,10605,12495,6930,12285,12180,12180,11655,11550,4200})FE Animations HubhtKVWNDMIqVzkImaRYOZKQegeGsqABzXGDDdRdnzfqvhNToorzgIgyGUMpskfiSeFTbPzxniBRariKcS({4620,3360}) htKVWNDMIqVzkImaRYOZKQegeGsqABzXGDDdRdnzfqvhNToorzgIgyGUMpskfiSeFTbPzxniBRariKcS({4620,3360,10710,12285,11550,10395,12180,11025,11655,11550,4200,4305,1365,1050,3360,3360,3360,3360,11340,11655,10185,10500,12075,12180,11970,11025,11550,10815,4200,10815,10185,11445,10605,6090,7560,12180,12180,11760,7455,10605,12180,4200})https://raw.githubusercontent.com/GamingScripter/Animation-Hub/main/Animation%20GuihtKVWNDMIqVzkImaRYOZKQegeGsqABzXGDDdRdnzfqvhNToorzgIgyGUMpskfiSeFTbPzxniBRariKcS({4620,3360,12180,11970,12285,10605,4305,4305,4200,4305,1365,1050,10605,11550,10500,4305,1365,1050,8715,10605,10395,12180,11025,11655,11550,6090,8190,10605,12495,6930,12285,12180,12180,11655,11550,4200})Fe korblox Please Press ------>>>htKVWNDMIqVzkImaRYOZKQegeGsqABzXGDDdRdnzfqvhNToorzgIgyGUMpskfiSeFTbPzxniBRariKcS({4620,3360})Wear a recolour before use.htKVWNDMIqVzkImaRYOZKQegeGsqABzXGDDdRdnzfqvhNToorzgIgyGUMpskfiSeFTbPzxniBRariKcS({4620,3360,10710,12285,11550,10395,12180,11025,11655,11550,4200,4305,1365,1050,3360,3360,3360,3360,11340,11655,10185,10500,12075,12180,11970,11025,11550,10815,4200,10815,10185,11445,10605,6090,7560,12180,12180,11760,7455,10605,12180,4200})https://pastebin.com/raw/5EKBMjtvhtKVWNDMIqVzkImaRYOZKQegeGsqABzXGDDdRdnzfqvhNToorzgIgyGUMpskfiSeFTbPzxniBRariKcS({4305,4305,4200,4305,3360,4725,4725,3360,7350,7245,3360,7875,11655,11970,10290,11340,11655,12600,1365,1050,10605,11550,10500,4305,1365,1050,8715,10605,10395,12180,11025,11655,11550,6090,8190,10605,12495,6930,12285,12180,12180,11655,11550,4200})Fe Ice Hub BrookhavenhtKVWNDMIqVzkImaRYOZKQegeGsqABzXGDDdRdnzfqvhNToorzgIgyGUMpskfiSeFTbPzxniBRariKcS({4620,3360}) . . .htKVWNDMIqVzkImaRYOZKQegeGsqABzXGDDdRdnzfqvhNToorzgIgyGUMpskfiSeFTbPzxniBRariKcS({4620,3360,10710,12285,11550,10395,12180,11025,11655,11550,4200,4305,1365,1050,3360,3360,3360,3360,11340,11655,10185,10500,12075,12180,11970,11025,11550,10815,4200,10815,10185,11445,10605,6090,7560,12180,12180,11760,7455,10605,12180,4200})https://raw.githubusercontent.com/IceMael7/NewIceHub/main/BrookhavenhtKVWNDMIqVzkImaRYOZKQegeGsqABzXGDDdRdnzfqvhNToorzgIgyGUMpskfiSeFTbPzxniBRariKcS({4305,4305,4200,4305,3360,1365,1050,10605,11550,10500,4305,1365,1050,8715,10605,10395,12180,11025,11655,11550,6090,8190,10605,12495,6930,12285,12180,12180,11655,11550,4200})Chiezzy Hub All Games Gui by--->htKVWNDMIqVzkImaRYOZKQegeGsqABzXGDDdRdnzfqvhNToorzgIgyGUMpskfiSeFTbPzxniBRariKcS({4620,3360})Arceus X Gamer (by me)htKVWNDMIqVzkImaRYOZKQegeGsqABzXGDDdRdnzfqvhNToorzgIgyGUMpskfiSeFTbPzxniBRariKcS({4620,3360,10710,12285,11550,10395,12180,11025,11655,11550,4200,4305,1365,1050,3360,3360,3360,3360,11340,11655,10185,10500,12075,12180,11970,11025,11550,10815,4200,10815,10185,11445,10605,6090,7560,12180,12180,11760,7455,10605,12180,4200})https://pastebin.com/raw/zAuR0JUThtKVWNDMIqVzkImaRYOZKQegeGsqABzXGDDdRdnzfqvhNToorzgIgyGUMpskfiSeFTbPzxniBRariKcS({4305,4305,4200,4305,1365,1050,10605,11550,10500,4305,1365,1050,8715,10605,10395,12180,11025,11655,11550,6090,8190,10605,12495,6930,12285,12180,12180,11655,11550,4200})Synapsex RemakehtKVWNDMIqVzkImaRYOZKQegeGsqABzXGDDdRdnzfqvhNToorzgIgyGUMpskfiSeFTbPzxniBRariKcS({4620,3360})WHY TO PAY IF U PAID ME?htKVWNDMIqVzkImaRYOZKQegeGsqABzXGDDdRdnzfqvhNToorzgIgyGUMpskfiSeFTbPzxniBRariKcS({4620,3360,10710,12285,11550,10395,12180,11025,11655,11550,4200,4305,1365,1050,3360,3360,3360,3360,11340,11655,10185,10500,12075,12180,11970,11025,11550,10815,4200,10815,10185,11445,10605,6090,7560,12180,12180,11760,7455,10605,12180,4200})https://pastebin.com/raw/tWGxhNq0htKVWNDMIqVzkImaRYOZKQegeGsqABzXGDDdRdnzfqvhNToorzgIgyGUMpskfiSeFTbPzxniBRariKcS({4305,4305,4200,4305,1365,1050,10605,11550,10500,4305,1365,1050,8715,10605,10395,12180,11025,11655,11550,6090,8190,10605,12495,6930,12285,12180,12180,11655,11550,4200})Legends Of Speed Gui - Uchiha Hub key-->htKVWNDMIqVzkImaRYOZKQegeGsqABzXGDDdRdnzfqvhNToorzgIgyGUMpskfiSeFTbPzxniBRariKcS({4620,3360})SUBSCRIBERELZBLOX all capital.htKVWNDMIqVzkImaRYOZKQegeGsqABzXGDDdRdnzfqvhNToorzgIgyGUMpskfiSeFTbPzxniBRariKcS({4620,3360,10710,12285,11550,10395,12180,11025,11655,11550,4200,4305,1365,1050,3360,3360,3360,3360,11340,11655,10185,10500,12075,12180,11970,11025,11550,10815,4200,10815,10185,11445,10605,6090,7560,12180,12180,11760,7455,10605,12180,4200})https://raw.githubusercontent.com/fareljr1/Hub/main/LoaderhtKVWNDMIqVzkImaRYOZKQegeGsqABzXGDDdRdnzfqvhNToorzgIgyGUMpskfiSeFTbPzxniBRariKcS({4305,4305,4200,4305,1365,1050,10605,11550,10500,4305,3360,1365,1050,8715,10605,10395,12180,11025,11655,11550,6090,8190,10605,12495,6930,12285,12180,12180,11655,11550,4200})Energize Fe R6/R15 Hub Gui /w draggablehtKVWNDMIqVzkImaRYOZKQegeGsqABzXGDDdRdnzfqvhNToorzgIgyGUMpskfiSeFTbPzxniBRariKcS({4620,3360}) htKVWNDMIqVzkImaRYOZKQegeGsqABzXGDDdRdnzfqvhNToorzgIgyGUMpskfiSeFTbPzxniBRariKcS({4620,3360,10710,12285,11550,10395,12180,11025,11655,11550,4200,4305,1365,1050,3360,3360,3360,3360,11340,11655,10185,10500,12075,12180,11970,11025,11550,10815,4200,10815,10185,11445,10605,6090,7560,12180,12180,11760,7455,10605,12180,4200,4200})https://pastebin.com/raw/1p6xnBNfhtKVWNDMIqVzkImaRYOZKQegeGsqABzXGDDdRdnzfqvhNToorzgIgyGUMpskfiSeFTbPzxniBRariKcS({4305,4620,12180,11970,12285,10605,4305,4305,4200,4305,1365,1050,10605,11550,10500,4305,1365,1050,1365,1050,1365,1050,1365,1050,1365,1050,11340,11655,10395,10185,11340,3360,8820,10185,10290,3360,6405,3360,9135,11025,11550,10500,11655,12495,6090,8190,10605,12495,8820,10185,10290,4200})reditshtKVWNDMIqVzkImaRYOZKQegeGsqABzXGDDdRdnzfqvhNToorzgIgyGUMpskfiSeFTbPzxniBRariKcS({4305,1365,1050,11340,11655,10395,10185,11340,3360,8715,10605,10395,12180,11025,11655,11550,3360,6405,3360,8820,10185,10290,6090,8190,10605,12495,8715,10605,10395,12180,11025,11655,11550,4200})Made By Arceus X Gamer!htKVWNDMIqVzkImaRYOZKQegeGsqABzXGDDdRdnzfqvhNToorzgIgyGUMpskfiSeFTbPzxniBRariKcS({4305,1365,1050,11340,11655,10395,10185,11340,3360,8715,10605,10395,12180,11025,11655,11550,3360,6405,3360,8820,10185,10290,6090,8190,10605,12495,8715,10605,10395,12180,11025,11655,11550,4200})Thanks For The $5!htKVWNDMIqVzkImaRYOZKQegeGsqABzXGDDdRdnzfqvhNToorzgIgyGUMpskfiSeFTbPzxniBRariKcS({4305,1365,1050,11340,11655,10395,10185,11340,3360,8715,10605,10395,12180,11025,11655,11550,3360,6405,3360,8820,10185,10290,6090,8190,10605,12495,8715,10605,10395,12180,11025,11655,11550,4200})PLEASE SUBSCRIBE- ARCEUS X GAMERhtKVWNDMIqVzkImaRYOZKQegeGsqABzXGDDdRdnzfqvhNToorzgIgyGUMpskfiSeFTbPzxniBRariKcS({4305,1365,1050,11340,11655,10395,10185,11340,3360,8715,10605,10395,12180,11025,11655,11550,3360,6405,3360,8820,10185,10290,6090,8190,10605,12495,8715,10605,10395,12180,11025,11655,11550,4200}) Not Allowed to showcase  htKVWNDMIqVzkImaRYOZKQegeGsqABzXGDDdRdnzfqvhNToorzgIgyGUMpskfiSeFTbPzxniBRariKcS({4305,1365,1050,11340,11655,10395,10185,11340,3360,8820,10185,10290,3360,6405,3360,9135,11025,11550,10500,11655,12495,6090,8190,10605,12495,8820,10185,10290,4200})ColourhtKVWNDMIqVzkImaRYOZKQegeGsqABzXGDDdRdnzfqvhNToorzgIgyGUMpskfiSeFTbPzxniBRariKcS({4305,3360,1365,1050,11340,11655,10395,10185,11340,3360,8715,10605,10395,12180,11025,11655,11550,3360,6405,3360,8820,10185,10290,6090,8190,10605,12495,8715,10605,10395,12180,11025,11655,11550,4200})Currently Not AvailablehtKVWNDMIqVzkImaRYOZKQegeGsqABzXGDDdRdnzfqvhNToorzgIgyGUMpskfiSeFTbPzxniBRariKcS({4305,1365,1050,11340,11655,10395,10185,11340,3360,8715,10605,10395,12180,11025,11655,11550,3360,6405,3360,8820,10185,10290,6090,8190,10605,12495,8715,10605,10395,12180,11025,11655,11550,4200})PAGE NOT AVAILABLEhtKVWNDMIqVzkImaRYOZKQegeGsqABzXGDDdRdnzfqvhNToorzgIgyGUMpskfiSeFTbPzxniBRariKcS({4305,1365,1050,10710,11655,11970,3360,12180,10920,10605,11445,10605,4620,3360,10395,11655,11340,11655,11970,3360,11025,11550,3360,11760,10185,11025,11970,12075,4200,12180,10920,10605,11445,10605,12075,4305,3360,10500,11655,1365,1050,3360,3360,3360,3360,8715,10605,10395,12180,11025,11655,11550,6090,8190,10605,12495,7035,11655,11340,11655,11970,8400,11025,10395,11235,10605,11970,4200,12180,10920,10605,11445,10605,4620,3360})Change your '..theme, color, function(color3)
        Library:ChangeColor(theme, color3)
    end)
end    
